time(ms)	gyro_x(deg/s)	gyro_y(deg/s)	gyro_z(deg/s)	orientation_roll(deg)	orientation_pitch(deg)	orientation_yaw(deg)	throttle	battery(V)	loop_time(uS)	pid_output_roll	pid_output_pitch	pid_output_yaw	pid_output_throttle	ultrasonic_alt	baro_alt	flight_mode	p_gain_altitude	i_gain_altitude	d_gain_altitude
423530	32506	-32758	-4732	236.6187	64.83497	36.79505	0	11.63	4004	0	0	0	0	0.02	1.689282	6	20	0	0
423626	32506	-32758	-4732	236.6187	64.83497	36.79505	0	11.63	4004	0	0	0	0	0.02	1.689282	6	20	0	0
423722	32506	-32758	-4732	236.6187	64.83497	36.79505	0	11.63	4004	0	0	0	0	0.02	1.689282	6	20	0	0
423818	32506	-32758	-4732	236.6187	64.83497	36.79505	0	11.63	4004	0	0	0	0	0.02	1.689282	6	20	0	0
423903	32506	-32758	-4732	236.6187	64.83497	36.79505	0	11.63	4004	0	0	0	0	0.02	1.689282	6	20	0	0
423998	32506	-32758	-4732	236.6187	64.83497	36.79505	0	11.63	4004	0	0	0	0	0.02	1.689282	6	20	0	0
424094	32506	-32758	-4732	236.6187	64.83497	36.79505	0	11.63	4004	0	0	0	0	0.02	1.689282	6	20	0	0
424189	32506	-32758	-4732	236.6187	64.83497	36.79505	0	11.63	4004	0	0	0	0	0.02	1.689282	6	20	0	0
424288	32506	-32758	-4732	236.6187	64.83497	36.79505	0	11.63	4004	0	0	0	0	0.02	1.689282	6	20	0	0
424383	32506	-32758	-4732	236.6187	64.83497	36.79505	0	11.63	4004	0	0	0	0	0.02	1.689282	6	20	0	0
424478	32506	-32758	-4732	236.6187	64.83497	36.79505	0	11.63	4004	0	0	0	0	0.02	1.689282	6	20	0	0
424573	32506	-32758	-4732	236.6187	64.83497	36.79505	0	11.63	4004	0	0	0	0	0.02	1.689282	6	20	0	0
424668	32506	-32758	-4732	236.6187	64.83497	36.79505	0	11.63	4004	0	0	0	0	0.02	1.689282	6	20	0	0
424763	32506	-32758	-4732	236.6187	64.83497	36.79505	0	11.63	4004	0	0	0	0	0.02	1.689282	6	20	0	0
424858	32506	-32758	-4732	236.6187	64.83497	36.79505	0	11.63	4004	0	0	0	0	0.02	1.689282	6	20	0	0
424952	32506	-32758	-4732	236.6187	64.83497	36.79505	0	11.63	4004	0	0	0	0	0.02	1.689282	6	20	0	0
425047	32506	-32758	-4732	236.6187	64.83497	36.79505	0	11.63	4004	0	0	0	0	0.02	1.689282	6	20	0	0
425132	32506	-32758	-4732	236.6187	64.83497	36.79505	0	11.63	4004	0	0	0	0	0.02	1.689282	6	20	0	0
425228	32506	-32758	-4732	236.6187	64.83497	36.79505	0	11.63	4004	0	0	0	0	0.02	1.689282	6	20	0	0
425323	32506	-32758	-4732	236.6187	64.83497	36.79505	0	11.63	4004	0	0	0	0	0.02	1.689282	6	20	0	0
425417	32506	-32758	-4732	236.6187	64.83497	36.79505	0	11.63	4004	0	0	0	0	0.02	1.689282	6	20	0	0
425511	32506	-32758	-4732	236.6187	64.83497	36.79505	0	11.63	4004	0	0	0	0	0.02	1.689282	6	20	0	0
425605	32506	-32758	-4732	236.6187	64.83497	36.79505	0	11.63	4004	0	0	0	0	0.02	1.689282	6	20	0	0
425699	32506	-32758	-4732	236.6187	64.83497	36.79505	0	11.63	4004	0	0	0	0	0.02	1.689282	6	20	0	0
425792	32506	-32758	-4732	236.6187	64.83497	36.79505	0	11.63	4004	0	0	0	0	0.02	1.689282	6	20	0	0
425886	32506	-32758	-4732	236.6187	64.83497	36.79505	0	11.63	4004	0	0	0	0	0.02	1.689282	6	20	0	0
425979	32506	-32758	-4732	236.6187	64.83497	36.79505	0	11.63	4004	0	0	0	0	0.02	1.689282	6	20	0	0
426072	32506	-32758	-4732	236.6187	64.83497	36.79505	0	11.63	4004	0	0	0	0	0.02	1.689282	6	20	0	0
426166	32506	-32758	-4732	236.6187	64.83497	36.79505	0	11.63	4004	0	0	0	0	0.02	1.689282	6	20	0	0
426259	32506	-32758	-4732	236.6187	64.83497	36.79505	0	11.63	4004	0	0	0	0	0.02	1.689282	6	20	0	0
426352	32506	-32758	-4732	236.6187	64.83497	36.79505	0	11.63	4004	0	0	0	0	0.02	1.689282	6	20	0	0
426436	32506	-32758	-4732	236.6187	64.83497	36.79505	0	11.63	4004	0	0	0	0	0.02	1.689282	6	20	0	0
426530	32506	-32758	-4732	236.6187	64.83497	36.79505	0	11.63	4004	0	0	0	0	0.02	1.689282	6	20	0	0
426623	32506	-32758	-4732	236.6187	64.83497	36.79505	0	11.63	4004	0	0	0	0	0.02	1.689282	6	20	0	0
426716	32506	-32758	-4732	236.6187	64.83497	36.79505	0	11.63	4004	0	0	0	0	0.02	1.689282	6	20	0	0
426809	32506	-32758	-4732	236.6187	64.83497	36.79505	0	11.63	4004	0	0	0	0	0.02	1.689282	6	20	0	0
426902	32506	-32758	-4732	236.6187	64.83497	36.79505	0	11.63	4004	0	0	0	0	0.02	1.689282	6	20	0	0
426995	32506	-32758	-4732	236.6187	64.83497	36.79505	0	11.63	4004	0	0	0	0	0.02	1.689282	6	20	0	0
427087	32506	-32758	-4732	236.6187	64.83497	36.79505	0	11.63	4004	0	0	0	0	0.02	1.689282	6	20	0	0
427178	32506	-32758	-4732	236.6187	64.83497	36.79505	0	11.63	4004	0	0	0	0	0.02	1.689282	6	20	0	0
427270	32506	-32758	-4732	236.6187	64.83497	36.79505	0	11.63	4004	0	0	0	0	0.02	1.689282	6	20	0	0
427362	32506	-32758	-4732	236.6187	64.83497	36.79505	0	11.63	4004	0	0	0	0	0.02	1.689282	6	20	0	0
427454	32506	-32758	-4732	236.6187	64.83497	36.79505	0	11.63	4004	0	0	0	0	0.02	1.689282	6	20	0	0
427546	32506	-32758	-4732	236.6187	64.83497	36.79505	0	11.63	4004	0	0	0	0	0.02	1.689282	6	20	0	0
427627	32506	-32758	-4732	236.6187	64.83497	36.79505	0	11.63	4004	0	0	0	0	0.02	1.689282	6	20	0	0
427719	32506	-32758	-4732	236.6187	64.83497	36.79505	0	11.63	4004	0	0	0	0	0.02	1.689282	6	20	0	0
427811	32506	-32758	-4732	236.6187	64.83497	36.79505	0	11.63	4004	0	0	0	0	0.02	1.689282	6	20	0	0
427903	32506	-32758	-4732	236.6187	64.83497	36.79505	0	11.63	4004	0	0	0	0	0.02	1.689282	6	20	0	0
427995	32506	-32758	-4732	236.6187	64.83497	36.79505	0	11.63	4004	0	0	0	0	0.02	1.689282	6	20	0	0
428087	32506	-32758	-4732	236.6187	64.83497	36.79505	0	11.63	4004	0	0	0	0	0.02	1.689282	6	20	0	0
428179	32506	-32758	-4732	236.6187	64.83497	36.79505	0	11.63	4004	0	0	0	0	0.02	1.689282	6	20	0	0
428271	32506	-32758	-4732	236.6187	64.83497	36.79505	0	11.63	4004	0	0	0	0	0.02	1.689282	6	20	0	0
428363	32506	-32758	-4732	236.6187	64.83497	36.79505	0	11.63	4004	0	0	0	0	0.02	1.689282	6	20	0	0
428455	32506	-32758	-4732	236.6187	64.83497	36.79505	0	11.63	4004	0	0	0	0	0.02	1.689282	6	20	0	0
428552	32506	-32758	-4732	236.6187	64.83497	36.79505	0	11.63	4004	0	0	0	0	0.02	1.689282	6	20	0	0
428643	32506	-32758	-4732	236.6187	64.83497	36.79505	0	11.63	4004	0	0	0	0	0.02	1.689282	6	20	0	0
428733	32506	-32758	-4732	236.6187	64.83497	36.79505	0	11.63	4004	0	0	0	0	0.02	1.689282	6	20	0	0
428814	32506	-32758	-4732	236.6187	64.83497	36.79505	0	11.63	4004	0	0	0	0	0.02	1.689282	6	20	0	0
428905	32506	-32758	-4732	236.6187	64.83497	36.79505	0	11.63	4004	0	0	0	0	0.02	1.689282	6	20	0	0
428996	32506	-32758	-4732	236.6187	64.83497	36.79505	0	11.63	4004	0	0	0	0	0.02	1.689282	6	20	0	0
429086	32506	-32758	-4732	236.6187	64.83497	36.79505	0	11.63	4004	0	0	0	0	0.02	1.689282	6	20	0	0
429176	32506	-32758	-4732	236.6187	64.83497	36.79505	0	11.63	4004	0	0	0	0	0.02	1.689282	6	20	0	0
429266	32506	-32758	-4732	236.6187	64.83497	36.79505	0	11.63	4004	0	0	0	0	0.02	1.689282	6	20	0	0
429362	32506	-32758	-4732	236.6187	64.83497	36.79505	0	11.63	4004	0	0	0	0	0.02	1.689282	6	20	0	0
429452	32506	-32758	-4732	236.6187	64.83497	36.79505	0	11.63	4004	0	0	0	0	0.02	1.689282	6	20	0	0
429546	32506	-32758	-4732	236.6187	64.83497	36.79505	0	11.63	4004	0	0	0	0	0.02	1.689282	6	20	0	0
429636	32506	-32758	-4732	236.6187	64.83497	36.79505	0	11.63	4004	0	0	0	0	0.02	1.689282	6	20	0	0
429726	32506	-32758	-4732	236.6187	64.83497	36.79505	0	11.63	4004	0	0	0	0	0.02	1.689282	6	20	0	0
429816	32506	-32758	-4732	236.6187	64.83497	36.79505	0	11.63	4004	0	0	0	0	0.02	1.689282	6	20	0	0
429906	32506	-32758	-4732	236.6187	64.83497	36.79505	0	11.63	4004	0	0	0	0	0.02	1.689282	6	20	0	0
429995	32506	-32758	-4732	236.6187	64.83497	36.79505	0	11.63	4004	0	0	0	0	0.02	1.689282	6	20	0	0
430084	32506	-32758	-4732	236.6187	64.83497	36.79505	0	11.63	4004	0	0	0	0	0.02	1.689282	6	20	0	0
430163	32506	-32758	-4732	236.6187	64.83497	36.79505	0	11.63	4004	0	0	0	0	0.02	1.689282	6	20	0	0
430253	32506	-32758	-4732	236.6187	64.83497	36.79505	0	11.63	4004	0	0	0	0	0.02	1.689282	6	20	0	0
430342	32506	-32758	-4732	236.6187	64.83497	36.79505	0	11.63	4004	0	0	0	0	0.02	1.689282	6	20	0	0
430432	32506	-32758	-4732	236.6187	64.83497	36.79505	0	11.63	4004	0	0	0	0	0.02	1.689282	6	20	0	0
430525	32506	-32758	-4732	236.6187	64.83497	36.79505	0	11.63	4004	0	0	0	0	0.02	1.689282	6	20	0	0
430626	32506	-32758	-4732	236.6187	64.83497	36.79505	0	11.63	4004	0	0	0	0	0.02	1.689282	6	20	0	0
430731	32506	-32758	-4732	236.6187	64.83497	36.79505	0	11.63	4004	0	0	0	0	0.02	1.689282	6	20	0	0
430821	32506	-32758	-4732	236.6187	64.83497	36.79505	0	11.63	4004	0	0	0	0	0.02	1.689282	6	20	0	0
430913	32506	-32758	-4732	236.6187	64.83497	36.79505	0	11.63	4004	0	0	0	0	0.02	1.689282	6	20	0	0
431001	32506	-32758	-4732	236.6187	64.83497	36.79505	0	11.63	4004	0	0	0	0	0.02	1.689282	6	20	0	0
431090	32506	-32758	-4732	236.6187	64.83497	36.79505	0	11.63	4004	0	0	0	0	0.02	1.689282	6	20	0	0
431179	32506	-32758	-4732	236.6187	64.83497	36.79505	0	11.63	4004	0	0	0	0	0.02	1.689282	6	20	0	0
431270	32506	-32758	-4732	236.6187	64.83497	36.79505	0	11.63	4004	0	0	0	0	0.02	1.689282	6	20	0	0
431351	32506	-32758	-4732	236.6187	64.83497	36.79505	0	11.63	4004	0	0	0	0	0.02	1.689282	6	20	0	0
431443	32506	-32758	-4732	236.6187	64.83497	36.79505	0	11.63	4004	0	0	0	0	0.02	1.689282	6	20	0	0
431535	32506	-32758	-4732	236.6187	64.83497	36.79505	0	11.63	4004	0	0	0	0	0.02	1.689282	6	20	0	0
431626	32506	-32758	-4732	236.6187	64.83497	36.79505	0	11.63	4004	0	0	0	0	0.02	1.689282	6	20	0	0
431718	32506	-32758	-4732	236.6187	64.83497	36.79505	0	11.63	4004	0	0	0	0	0.02	1.689282	6	20	0	0
431809	32506	-32758	-4732	236.6187	64.83497	36.79505	0	11.63	4004	0	0	0	0	0.02	1.689282	6	20	0	0
431901	32506	-32758	-4732	236.6187	64.83497	36.79505	0	11.63	4004	0	0	0	0	0.02	1.689282	6	20	0	0
431992	32506	-32758	-4732	236.6187	64.83497	36.79505	0	11.63	4004	0	0	0	0	0.02	1.689282	6	20	0	0
432083	32506	-32758	-4732	236.6187	64.83497	36.79505	0	11.63	4004	0	0	0	0	0.02	1.689282	6	20	0	0
432175	32506	-32758	-4732	236.6187	64.83497	36.79505	0	11.63	4004	0	0	0	0	0.02	1.689282	6	20	0	0
432266	32506	-32758	-4732	236.6187	64.83497	36.79505	0	11.63	4004	0	0	0	0	0.02	1.689282	6	20	0	0
432357	32506	-32758	-4732	236.6187	64.83497	36.79505	0	11.63	4004	0	0	0	0	0.02	1.689282	6	20	0	0
432448	32506	-32758	-4732	236.6187	64.83497	36.79505	0	11.63	4004	0	0	0	0	0.02	1.689282	6	20	0	0
432540	32506	-32758	-4732	236.6187	64.83497	36.79505	0	11.63	4004	0	0	0	0	0.02	1.689282	6	20	0	0
432628	32506	-32758	-4732	236.6187	64.83497	36.79505	0	11.63	4004	0	0	0	0	0.02	1.689282	6	20	0	0
432709	32506	-32758	-4732	236.6187	64.83497	36.79505	0	11.63	4004	0	0	0	0	0.02	1.689282	6	20	0	0
432800	32506	-32758	-4732	236.6187	64.83497	36.79505	0	11.63	4004	0	0	0	0	0.02	1.689282	6	20	0	0
432891	32506	-32758	-4732	236.6187	64.83497	36.79505	0	11.63	4004	0	0	0	0	0.02	1.689282	6	20	0	0
432982	32506	-32758	-4732	236.6187	64.83497	36.79505	0	11.63	4004	0	0	0	0	0.02	1.689282	6	20	0	0
433072	32506	-32758	-4732	236.6187	64.83497	36.79505	0	11.63	4004	0	0	0	0	0.02	1.689282	6	20	0	0
433163	32506	-32758	-4732	236.6187	64.83497	36.79505	0	11.63	4004	0	0	0	0	0.02	1.689282	6	20	0	0
433254	32506	-32758	-4732	236.6187	64.83497	36.79505	0	11.63	4004	0	0	0	0	0.02	1.689282	6	20	0	0
433345	32506	-32758	-4732	236.6187	64.83497	36.79505	0	11.63	4004	0	0	0	0	0.02	1.689282	6	20	0	0
433435	32506	-32758	-4732	236.6187	64.83497	36.79505	0	11.63	4004	0	0	0	0	0.02	1.689282	6	20	0	0
433526	32506	-32758	-4732	236.6187	64.83497	36.79505	0	11.63	4004	0	0	0	0	0.02	1.689282	6	20	0	0
433617	32506	-32758	-4732	236.6187	64.83497	36.79505	0	11.63	4004	0	0	0	0	0.02	1.689282	6	20	0	0
433708	32506	-32758	-4732	236.6187	64.83497	36.79505	0	11.63	4004	0	0	0	0	0.02	1.689282	6	20	0	0
433799	32506	-32758	-4732	236.6187	64.83497	36.79505	0	11.63	4004	0	0	0	0	0.02	1.689282	6	20	0	0
433890	32506	-32758	-4732	236.6187	64.83497	36.79505	0	11.63	4004	0	0	0	0	0.02	1.689282	6	20	0	0
433971	32506	-32758	-4732	236.6187	64.83497	36.79505	0	11.63	4004	0	0	0	0	0.02	1.689282	6	20	0	0
434062	32506	-32758	-4732	236.6187	64.83497	36.79505	0	11.63	4004	0	0	0	0	0.02	1.689282	6	20	0	0
434153	32506	-32758	-4732	236.6187	64.83497	36.79505	0	11.63	4004	0	0	0	0	0.02	1.689282	6	20	0	0
434244	32506	-32758	-4732	236.6187	64.83497	36.79505	0	11.63	4004	0	0	0	0	0.02	1.689282	6	20	0	0
434335	32506	-32758	-4732	236.6187	64.83497	36.79505	0	11.63	4004	0	0	0	0	0.02	1.689282	6	20	0	0
434426	32506	-32758	-4732	236.6187	64.83497	36.79505	0	11.63	4004	0	0	0	0	0.02	1.689282	6	20	0	0
434517	32506	-32758	-4732	236.6187	64.83497	36.79505	0	11.63	4004	0	0	0	0	0.02	1.689282	6	20	0	0
434608	32506	-32758	-4732	236.6187	64.83497	36.79505	0	11.63	4004	0	0	0	0	0.02	1.689282	6	20	0	0
434699	32506	-32758	-4732	236.6187	64.83497	36.79505	0	11.63	4004	0	0	0	0	0.02	1.689282	6	20	0	0
434790	32506	-32758	-4732	236.6187	64.83497	36.79505	0	11.63	4004	0	0	0	0	0.02	1.689282	6	20	0	0
434881	32506	-32758	-4732	236.6187	64.83497	36.79505	0	11.63	4004	0	0	0	0	0.02	1.689282	6	20	0	0
434972	32506	-32758	-4732	236.6187	64.83497	36.79505	0	11.63	4004	0	0	0	0	0.02	1.689282	6	20	0	0
435063	32506	-32758	-4732	236.6187	64.83497	36.79505	0	11.63	4004	0	0	0	0	0.02	1.689282	6	20	0	0
435147	32506	-32758	-4732	236.6187	64.83497	36.79505	0	11.63	4004	0	0	0	0	0.02	1.689282	6	20	0	0
435239	32506	-32758	-4732	236.6187	64.83497	36.79505	0	11.63	4004	0	0	0	0	0.02	1.689282	6	20	0	0
435330	32506	-32758	-4732	236.6187	64.83497	36.79505	0	11.63	4004	0	0	0	0	0.02	1.689282	6	20	0	0
435423	32506	-32758	-4732	236.6187	64.83497	36.79505	0	11.63	4004	0	0	0	0	0.02	1.689282	6	20	0	0
435516	32506	-32758	-4732	236.6187	64.83497	36.79505	0	11.63	4004	0	0	0	0	0.02	1.689282	6	20	0	0
435608	32506	-32758	-4732	236.6187	64.83497	36.79505	0	11.63	4004	0	0	0	0	0.02	1.689282	6	20	0	0
435701	32506	-32758	-4732	236.6187	64.83497	36.79505	0	11.63	4004	0	0	0	0	0.02	1.689282	6	20	0	0
435793	32506	-32758	-4732	236.6187	64.83497	36.79505	0	11.63	4004	0	0	0	0	0.02	1.689282	6	20	0	0
435886	32506	-32758	-4732	236.6187	64.83497	36.79505	0	11.63	4004	0	0	0	0	0.02	1.689282	6	20	0	0
435977	32506	-32758	-4732	236.6187	64.83497	36.79505	0	11.63	4004	0	0	0	0	0.02	1.689282	6	20	0	0
436069	32506	-32758	-4732	236.6187	64.83497	36.79505	0	11.63	4004	0	0	0	0	0.02	1.689282	6	20	0	0
436161	32506	-32758	-4732	236.6187	64.83497	36.79505	0	11.63	4004	0	0	0	0	0.02	1.689282	6	20	0	0
436254	32506	-32758	-4732	236.6187	64.83497	36.79505	0	11.63	4004	0	0	0	0	0.02	1.689282	6	20	0	0
436337	32506	-32758	-4732	236.6187	64.83497	36.79505	0	11.63	4004	0	0	0	0	0.02	1.689282	6	20	0	0
436430	32506	-32758	-4732	236.6187	64.83497	36.79505	0	11.63	4004	0	0	0	0	0.02	1.689282	6	20	0	0
436523	32506	-32758	-4732	236.6187	64.83497	36.79505	0	11.63	4004	0	0	0	0	0.02	1.689282	6	20	0	0
436615	32506	-32758	-4732	236.6187	64.83497	36.79505	0	11.63	4004	0	0	0	0	0.02	1.689282	6	20	0	0
436707	32506	-32758	-4732	236.6187	64.83497	36.79505	0	11.63	4004	0	0	0	0	0.02	1.689282	6	20	0	0
436799	32506	-32758	-4732	236.6187	64.83497	36.79505	0	11.63	4004	0	0	0	0	0.02	1.689282	6	20	0	0
436891	32506	-32758	-4732	236.6187	64.83497	36.79505	0	11.63	4004	0	0	0	0	0.02	1.689282	6	20	0	0
436983	32506	-32758	-4732	236.6187	64.83497	36.79505	0	11.63	4004	0	0	0	0	0.02	1.689282	6	20	0	0
437075	32506	-32758	-4732	236.6187	64.83497	36.79505	0	11.63	4004	0	0	0	0	0.02	1.689282	6	20	0	0
437167	32506	-32758	-4732	236.6187	64.83497	36.79505	0	11.63	4004	0	0	0	0	0.02	1.689282	6	20	0	0
437258	32506	-32758	-4732	236.6187	64.83497	36.79505	0	11.63	4004	0	0	0	0	0.02	1.689282	6	20	0	0
437349	32506	-32758	-4732	236.6187	64.83497	36.79505	0	11.63	4004	0	0	0	0	0.02	1.689282	6	20	0	0
437440	32506	-32758	-4732	236.6187	64.83497	36.79505	0	11.63	4004	0	0	0	0	0.02	1.689282	6	20	0	0
437532	32506	-32758	-4732	236.6187	64.83497	36.79505	0	11.63	4004	0	0	0	0	0.02	1.689282	6	20	0	0
437614	32506	-32758	-4732	236.6187	64.83497	36.79505	0	11.63	4004	0	0	0	0	0.02	1.689282	6	20	0	0
437707	32506	-32758	-4732	236.6187	64.83497	36.79505	0	11.63	4004	0	0	0	0	0.02	1.689282	6	20	0	0
437799	32506	-32758	-4732	236.6187	64.83497	36.79505	0	11.63	4004	0	0	0	0	0.02	1.689282	6	20	0	0
437891	32506	-32758	-4732	236.6187	64.83497	36.79505	0	11.63	4004	0	0	0	0	0.02	1.689282	6	20	0	0
437983	32506	-32758	-4732	236.6187	64.83497	36.79505	0	11.63	4004	0	0	0	0	0.02	1.689282	6	20	0	0
438075	32506	-32758	-4732	236.6187	64.83497	36.79505	0	11.63	4004	0	0	0	0	0.02	1.689282	6	20	0	0
438167	32506	-32758	-4732	236.6187	64.83497	36.79505	0	11.63	4004	0	0	0	0	0.02	1.689282	6	20	0	0
438260	32506	-32758	-4732	236.6187	64.83497	36.79505	0	11.63	4004	0	0	0	0	0.02	1.689282	6	20	0	0
438352	32506	-32758	-4732	236.6187	64.83497	36.79505	0	11.63	4004	0	0	0	0	0.02	1.689282	6	20	0	0
438443	32506	-32758	-4732	236.6187	64.83497	36.79505	0	11.63	4004	0	0	0	0	0.02	1.689282	6	20	0	0
438535	32506	-32758	-4732	236.6187	64.83497	36.79505	0	11.63	4004	0	0	0	0	0.02	1.689282	6	20	0	0
438627	32506	-32758	-4732	236.6187	64.83497	36.79505	0	11.63	4004	0	0	0	0	0.02	1.689282	6	20	0	0
438720	32506	-32758	-4732	236.6187	64.83497	36.79505	0	11.63	4004	0	0	0	0	0.02	1.689282	6	20	0	0
438803	32506	-32758	-4732	236.6187	64.83497	36.79505	0	11.63	4004	0	0	0	0	0.02	1.689282	6	20	0	0
438901	32506	-32758	-4732	236.6187	64.83497	36.79505	0	11.63	4004	0	0	0	0	0.02	1.689282	6	20	0	0
439007	32506	-32758	-4732	236.6187	64.83497	36.79505	0	11.63	4004	0	0	0	0	0.02	1.689282	6	20	0	0
439100	32506	-32758	-4732	236.6187	64.83497	36.79505	0	11.63	4004	0	0	0	0	0.02	1.689282	6	20	0	0
439192	32506	-32758	-4732	236.6187	64.83497	36.79505	0	11.63	4004	0	0	0	0	0.02	1.689282	6	20	0	0
439284	32506	-32758	-4732	236.6187	64.83497	36.79505	0	11.63	4004	0	0	0	0	0.02	1.689282	6	20	0	0
439376	32506	-32758	-4732	236.6187	64.83497	36.79505	0	11.63	4004	0	0	0	0	0.02	1.689282	6	20	0	0
439469	32506	-32758	-4732	236.6187	64.83497	36.79505	0	11.63	4004	0	0	0	0	0.02	1.689282	6	20	0	0
439561	32506	-32758	-4732	236.6187	64.83497	36.79505	0	11.63	4004	0	0	0	0	0.02	1.689282	6	20	0	0
439653	32506	-32758	-4732	236.6187	64.83497	36.79505	0	11.63	4004	0	0	0	0	0.02	1.689282	6	20	0	0
439745	32506	-32758	-4732	236.6187	64.83497	36.79505	0	11.63	4004	0	0	0	0	0.02	1.689282	6	20	0	0
439837	32506	-32758	-4732	236.6187	64.83497	36.79505	0	11.63	4004	0	0	0	0	0.02	1.689282	6	20	0	0
439929	32506	-32758	-4732	236.6187	64.83497	36.79505	0	11.63	4004	0	0	0	0	0.02	1.689282	6	20	0	0
440021	32506	-32758	-4732	236.6187	64.83497	36.79505	0	11.63	4004	0	0	0	0	0.02	1.689282	6	20	0	0
440104	32506	-32758	-4732	236.6187	64.83497	36.79505	0	11.63	4004	0	0	0	0	0.02	1.689282	6	20	0	0
440195	32506	-32758	-4732	236.6187	64.83497	36.79505	0	11.63	4004	0	0	0	0	0.02	1.689282	6	20	0	0
440287	32506	-32758	-4732	236.6187	64.83497	36.79505	0	11.63	4004	0	0	0	0	0.02	1.689282	6	20	0	0
440379	32506	-32758	-4732	236.6187	64.83497	36.79505	0	11.63	4004	0	0	0	0	0.02	1.689282	6	20	0	0
440471	32506	-32758	-4732	236.6187	64.83497	36.79505	0	11.63	4004	0	0	0	0	0.02	1.689282	6	20	0	0
440563	32506	-32758	-4732	236.6187	64.83497	36.79505	0	11.63	4004	0	0	0	0	0.02	1.689282	6	20	0	0
440655	32506	-32758	-4732	236.6187	64.83497	36.79505	0	11.63	4004	0	0	0	0	0.02	1.689282	6	20	0	0
440747	32506	-32758	-4732	236.6187	64.83497	36.79505	0	11.63	4004	0	0	0	0	0.02	1.689282	6	20	0	0
440839	32506	-32758	-4732	236.6187	64.83497	36.79505	0	11.63	4004	0	0	0	0	0.02	1.689282	6	20	0	0
440932	32506	-32758	-4732	236.6187	64.83497	36.79505	0	11.63	4004	0	0	0	0	0.02	1.689282	6	20	0	0
441023	32506	-32758	-4732	236.6187	64.83497	36.79505	0	11.63	4004	0	0	0	0	0.02	1.689282	6	20	0	0
441115	32506	-32758	-4732	236.6187	64.83497	36.79505	0	11.63	4004	0	0	0	0	0.02	1.689282	6	20	0	0
441206	32506	-32758	-4732	236.6187	64.83497	36.79505	0	11.63	4004	0	0	0	0	0.02	1.689282	6	20	0	0
441297	32506	-32758	-4732	236.6187	64.83497	36.79505	0	11.63	4004	0	0	0	0	0.02	1.689282	6	20	0	0
441380	32506	-32758	-4732	236.6187	64.83497	36.79505	0	11.63	4004	0	0	0	0	0.02	1.689282	6	20	0	0
441473	32506	-32758	-4732	236.6187	64.83497	36.79505	0	11.63	4004	0	0	0	0	0.02	1.689282	6	20	0	0
441566	32506	-32758	-4732	236.6187	64.83497	36.79505	0	11.63	4004	0	0	0	0	0.02	1.689282	6	20	0	0
441659	32506	-32758	-4732	236.6187	64.83497	36.79505	0	11.63	4004	0	0	0	0	0.02	1.689282	6	20	0	0
441752	32506	-32758	-4732	236.6187	64.83497	36.79505	0	11.63	4004	0	0	0	0	0.02	1.689282	6	20	0	0
441845	32506	-32758	-4732	236.6187	64.83497	36.79505	0	11.63	4004	0	0	0	0	0.02	1.689282	6	20	0	0
441939	32506	-32758	-4732	236.6187	64.83497	36.79505	0	11.63	4004	0	0	0	0	0.02	1.689282	6	20	0	0
442031	32506	-32758	-4732	236.6187	64.83497	36.79505	0	11.63	4004	0	0	0	0	0.02	1.689282	6	20	0	0
442124	32506	-32758	-4732	236.6187	64.83497	36.79505	0	11.63	4004	0	0	0	0	0.02	1.689282	6	20	0	0
442217	32506	-32758	-4732	236.6187	64.83497	36.79505	0	11.63	4004	0	0	0	0	0.02	1.689282	6	20	0	0
442310	32506	-32758	-4732	236.6187	64.83497	36.79505	0	11.63	4004	0	0	0	0	0.02	1.689282	6	20	0	0
442403	32506	-32758	-4732	236.6187	64.83497	36.79505	0	11.63	4004	0	0	0	0	0.02	1.689282	6	20	0	0
442496	32506	-32758	-4732	236.6187	64.83497	36.79505	0	11.63	4004	0	0	0	0	0.02	1.689282	6	20	0	0
442581	32506	-32758	-4732	236.6187	64.83497	36.79505	0	11.63	4004	0	0	0	0	0.02	1.689282	6	20	0	0
442672	32506	-32758	-4732	236.6187	64.83497	36.79505	0	11.63	4004	0	0	0	0	0.02	1.689282	6	20	0	0
442765	32506	-32758	-4732	236.6187	64.83497	36.79505	0	11.63	4004	0	0	0	0	0.02	1.689282	6	20	0	0
442858	32506	-32758	-4732	236.6187	64.83497	36.79505	0	11.63	4004	0	0	0	0	0.02	1.689282	6	20	0	0
442951	32506	-32758	-4732	236.6187	64.83497	36.79505	0	11.63	4004	0	0	0	0	0.02	1.689282	6	20	0	0
443044	32506	-32758	-4732	236.6187	64.83497	36.79505	0	11.63	4004	0	0	0	0	0.02	1.689282	6	20	0	0
443137	32506	-32758	-4732	236.6187	64.83497	36.79505	0	11.63	4004	0	0	0	0	0.02	1.689282	6	20	0	0
443230	32506	-32758	-4732	236.6187	64.83497	36.79505	0	11.63	4004	0	0	0	0	0.02	1.689282	6	20	0	0
443323	32506	-32758	-4732	236.6187	64.83497	36.79505	0	11.63	4004	0	0	0	0	0.02	1.689282	6	20	0	0
443416	32506	-32758	-4732	236.6187	64.83497	36.79505	0	11.63	4004	0	0	0	0	0.02	1.689282	6	20	0	0
443508	32506	-32758	-4732	236.6187	64.83497	36.79505	0	11.63	4004	0	0	0	0	0.02	1.689282	6	20	0	0
443602	32506	-32758	-4732	236.6187	64.83497	36.79505	0	11.63	4004	0	0	0	0	0.02	1.689282	6	20	0	0
443695	32506	-32758	-4732	236.6187	64.83497	36.79505	0	11.63	4004	0	0	0	0	0.02	1.689282	6	20	0	0
443778	32506	-32758	-4732	236.6187	64.83497	36.79505	0	11.63	4004	0	0	0	0	0.02	1.689282	6	20	0	0
443871	32506	-32758	-4732	236.6187	64.83497	36.79505	0	11.63	4004	0	0	0	0	0.02	1.689282	6	20	0	0
443964	32506	-32758	-4732	236.6187	64.83497	36.79505	0	11.63	4004	0	0	0	0	0.02	1.689282	6	20	0	0
444057	32506	-32758	-4732	236.6187	64.83497	36.79505	0	11.63	4004	0	0	0	0	0.02	1.689282	6	20	0	0
444150	32506	-32758	-4732	236.6187	64.83497	36.79505	0	11.63	4004	0	0	0	0	0.02	1.689282	6	20	0	0
444243	32506	-32758	-4732	236.6187	64.83497	36.79505	0	11.63	4004	0	0	0	0	0.02	1.689282	6	20	0	0
444334	32506	-32758	-4732	236.6187	64.83497	36.79505	0	11.63	4004	0	0	0	0	0.02	1.689282	6	20	0	0
444429	32506	-32758	-4732	236.6187	64.83497	36.79505	0	11.63	4004	0	0	0	0	0.02	1.689282	6	20	0	0
444520	32506	-32758	-4732	236.6187	64.83497	36.79505	0	11.63	4004	0	0	0	0	0.02	1.689282	6	20	0	0
444612	32506	-32758	-4732	236.6187	64.83497	36.79505	0	11.63	4004	0	0	0	0	0.02	1.689282	6	20	0	0
444704	32506	-32758	-4732	236.6187	64.83497	36.79505	0	11.63	4004	0	0	0	0	0.02	1.689282	6	20	0	0
444797	32506	-32758	-4732	236.6187	64.83497	36.79505	0	11.63	4004	0	0	0	0	0.02	1.689282	6	20	0	0
444889	32506	-32758	-4732	236.6187	64.83497	36.79505	0	11.63	4004	0	0	0	0	0.02	1.689282	6	20	0	0
444981	32506	-32758	-4732	236.6187	64.83497	36.79505	0	11.63	4004	0	0	0	0	0.02	1.689282	6	20	0	0
445063	32506	-32758	-4732	236.6187	64.83497	36.79505	0	11.63	4004	0	0	0	0	0.02	1.689282	6	20	0	0
445156	32506	-32758	-4732	236.6187	64.83497	36.79505	0	11.63	4004	0	0	0	0	0.02	1.689282	6	20	0	0
445249	32506	-32758	-4732	236.6187	64.83497	36.79505	0	11.63	4004	0	0	0	0	0.02	1.689282	6	20	0	0
445342	32506	-32758	-4732	236.6187	64.83497	36.79505	0	11.63	4004	0	0	0	0	0.02	1.689282	6	20	0	0
445434	32506	-32758	-4732	236.6187	64.83497	36.79505	0	11.63	4004	0	0	0	0	0.02	1.689282	6	20	0	0
445527	32506	-32758	-4732	236.6187	64.83497	36.79505	0	11.63	4004	0	0	0	0	0.02	1.689282	6	20	0	0
445620	32506	-32758	-4732	236.6187	64.83497	36.79505	0	11.63	4004	0	0	0	0	0.02	1.689282	6	20	0	0
445712	32506	-32758	-4732	236.6187	64.83497	36.79505	0	11.63	4004	0	0	0	0	0.02	1.689282	6	20	0	0
445805	32506	-32758	-4732	236.6187	64.83497	36.79505	0	11.63	4004	0	0	0	0	0.02	1.689282	6	20	0	0
445897	32506	-32758	-4732	236.6187	64.83497	36.79505	0	11.63	4004	0	0	0	0	0.02	1.689282	6	20	0	0
445989	32506	-32758	-4732	236.6187	64.83497	36.79505	0	11.63	4004	0	0	0	0	0.02	1.689282	6	20	0	0
446082	32506	-32758	-4732	236.6187	64.83497	36.79505	0	11.63	4004	0	0	0	0	0.02	1.689282	6	20	0	0
446175	32506	-32758	-4732	236.6187	64.83497	36.79505	0	11.63	4004	0	0	0	0	0.02	1.689282	6	20	0	0
446258	32506	-32758	-4732	236.6187	64.83497	36.79505	0	11.63	4004	0	0	0	0	0.02	1.689282	6	20	0	0
446350	32506	-32758	-4732	236.6187	64.83497	36.79505	0	11.63	4004	0	0	0	0	0.02	1.689282	6	20	0	0
446442	32506	-32758	-4732	236.6187	64.83497	36.79505	0	11.63	4004	0	0	0	0	0.02	1.689282	6	20	0	0
446534	32506	-32758	-4732	236.6187	64.83497	36.79505	0	11.63	4004	0	0	0	0	0.02	1.689282	6	20	0	0
446626	32506	-32758	-4732	236.6187	64.83497	36.79505	0	11.63	4004	0	0	0	0	0.02	1.689282	6	20	0	0
446719	32506	-32758	-4732	236.6187	64.83497	36.79505	0	11.63	4004	0	0	0	0	0.02	1.689282	6	20	0	0
446812	32506	-32758	-4732	236.6187	64.83497	36.79505	0	11.63	4004	0	0	0	0	0.02	1.689282	6	20	0	0
446903	32506	-32758	-4732	236.6187	64.83497	36.79505	0	11.63	4004	0	0	0	0	0.02	1.689282	6	20	0	0
446996	32506	-32758	-4732	236.6187	64.83497	36.79505	0	11.63	4004	0	0	0	0	0.02	1.689282	6	20	0	0
447087	32506	-32758	-4732	236.6187	64.83497	36.79505	0	11.63	4004	0	0	0	0	0.02	1.689282	6	20	0	0
447180	32506	-32758	-4732	236.6187	64.83497	36.79505	0	11.63	4004	0	0	0	0	0.02	1.689282	6	20	0	0
447272	32506	-32758	-4732	236.6187	64.83497	36.79505	0	11.63	4004	0	0	0	0	0.02	1.689282	6	20	0	0
447375	32506	-32758	-4732	236.6187	64.83497	36.79505	0	11.63	4004	0	0	0	0	0.02	1.689282	6	20	0	0
447468	32506	-32758	-4732	236.6187	64.83497	36.79505	0	11.63	4004	0	0	0	0	0.02	1.689282	6	20	0	0
447550	32506	-32758	-4732	236.6187	64.83497	36.79505	0	11.63	4004	0	0	0	0	0.02	1.689282	6	20	0	0
447642	32506	-32758	-4732	236.6187	64.83497	36.79505	0	11.63	4004	0	0	0	0	0.02	1.689282	6	20	0	0
447733	32506	-32758	-4732	236.6187	64.83497	36.79505	0	11.63	4004	0	0	0	0	0.02	1.689282	6	20	0	0
447822	32506	-32758	-4732	236.6187	64.83497	36.79505	0	11.63	4004	0	0	0	0	0.02	1.689282	6	20	0	0
447911	32506	-32758	-4732	236.6187	64.83497	36.79505	0	11.63	4004	0	0	0	0	0.02	1.689282	6	20	0	0
448003	32506	-32758	-4732	236.6187	64.83497	36.79505	0	11.63	4004	0	0	0	0	0.02	1.689282	6	20	0	0
448094	32506	-32758	-4732	236.6187	64.83497	36.79505	0	11.63	4004	0	0	0	0	0.02	1.689282	6	20	0	0
448185	32506	-32758	-4732	236.6187	64.83497	36.79505	0	11.63	4004	0	0	0	0	0.02	1.689282	6	20	0	0
448276	32506	-32758	-4732	236.6187	64.83497	36.79505	0	11.63	4004	0	0	0	0	0.02	1.689282	6	20	0	0
448367	32506	-32758	-4732	236.6187	64.83497	36.79505	0	11.63	4004	0	0	0	0	0.02	1.689282	6	20	0	0
448459	32506	-32758	-4732	236.6187	64.83497	36.79505	0	11.63	4004	0	0	0	0	0.02	1.689282	6	20	0	0
448550	32506	-32758	-4732	236.6187	64.83497	36.79505	0	11.63	4004	0	0	0	0	0.02	1.689282	6	20	0	0
448642	32506	-32758	-4732	236.6187	64.83497	36.79505	0	11.63	4004	0	0	0	0	0.02	1.689282	6	20	0	0
448724	32506	-32758	-4732	236.6187	64.83497	36.79505	0	11.63	4004	0	0	0	0	0.02	1.689282	6	20	0	0
448815	32506	-32758	-4732	236.6187	64.83497	36.79505	0	11.63	4004	0	0	0	0	0.02	1.689282	6	20	0	0
448907	32506	-32758	-4732	236.6187	64.83497	36.79505	0	11.63	4004	0	0	0	0	0.02	1.689282	6	20	0	0
448998	32506	-32758	-4732	236.6187	64.83497	36.79505	0	11.63	4004	0	0	0	0	0.02	1.689282	6	20	0	0
449089	32506	-32758	-4732	236.6187	64.83497	36.79505	0	11.63	4004	0	0	0	0	0.02	1.689282	6	20	0	0
449181	32506	-32758	-4732	236.6187	64.83497	36.79505	0	11.63	4004	0	0	0	0	0.02	1.689282	6	20	0	0
449272	32506	-32758	-4732	236.6187	64.83497	36.79505	0	11.63	4004	0	0	0	0	0.02	1.689282	6	20	0	0
449363	32506	-32758	-4732	236.6187	64.83497	36.79505	0	11.63	4004	0	0	0	0	0.02	1.689282	6	20	0	0
449455	32506	-32758	-4732	236.6187	64.83497	36.79505	0	11.63	4004	0	0	0	0	0.02	1.689282	6	20	0	0
449547	32506	-32758	-4732	236.6187	64.83497	36.79505	0	11.63	4004	0	0	0	0	0.02	1.689282	6	20	0	0
449640	32506	-32758	-4732	236.6187	64.83497	36.79505	0	11.63	4004	0	0	0	0	0.02	1.689282	6	20	0	0
449733	32506	-32758	-4732	236.6187	64.83497	36.79505	0	11.63	4004	0	0	0	0	0.02	1.689282	6	20	0	0
449825	32506	-32758	-4732	236.6187	64.83497	36.79505	0	11.63	4004	0	0	0	0	0.02	1.689282	6	20	0	0
449917	32506	-32758	-4732	236.6187	64.83497	36.79505	0	11.63	4004	0	0	0	0	0.02	1.689282	6	20	0	0
449999	32506	-32758	-4732	236.6187	64.83497	36.79505	0	11.63	4004	0	0	0	0	0.02	1.689282	6	20	0	0
450091	32506	-32758	-4732	236.6187	64.83497	36.79505	0	11.63	4004	0	0	0	0	0.02	1.689282	6	20	0	0
450183	32506	-32758	-4732	236.6187	64.83497	36.79505	0	11.63	4004	0	0	0	0	0.02	1.689282	6	20	0	0
450275	32506	-32758	-4732	236.6187	64.83497	36.79505	0	11.63	4004	0	0	0	0	0.02	1.689282	6	20	0	0
450367	32506	-32758	-4732	236.6187	64.83497	36.79505	0	11.63	4004	0	0	0	0	0.02	1.689282	6	20	0	0
450460	32506	-32758	-4732	236.6187	64.83497	36.79505	0	11.63	4004	0	0	0	0	0.02	1.689282	6	20	0	0
450552	32506	-32758	-4732	236.6187	64.83497	36.79505	0	11.63	4004	0	0	0	0	0.02	1.689282	6	20	0	0
450644	32506	-32758	-4732	236.6187	64.83497	36.79505	0	11.63	4004	0	0	0	0	0.02	1.689282	6	20	0	0
450736	32506	-32758	-4732	236.6187	64.83497	36.79505	0	11.63	4004	0	0	0	0	0.02	1.689282	6	20	0	0
450828	32506	-32758	-4732	236.6187	64.83497	36.79505	0	11.63	4004	0	0	0	0	0.02	1.689282	6	20	0	0
450920	32506	-32758	-4732	236.6187	64.83497	36.79505	0	11.63	4004	0	0	0	0	0.02	1.689282	6	20	0	0
