time(ms)	gyro_x(deg/s)	gyro_y(deg/s)	gyro_z(deg/s)	orientation_roll(deg)	orientation_pitch(deg)	orientation_yaw(deg)	throttle	battery(V)	loop_time(uS)	pid_output_roll	pid_output_pitch	pid_output_yaw	pid_output_throttle	ultrasonic_alt	baro_alt	flight_mode	p_gain_altitude	i_gain_altitude	d_gain_altitude	compass_heading	latitude	longitude
311078	2748	-769	122	-42.36024	0.7170106	153.7348	0	10.94	24428	0	0	5	5	0.02	-0.1995354	1	10	0.08	2800	148.1291	40.92394	-91.39368
311174	2748	-769	122	-42.36024	0.7170106	153.7348	0	10.94	24428	0	0	5	5	0.02	-0.1995354	1	10	0.08	2800	148.1291	40.92394	-91.39368
311269	2748	-769	122	-42.36024	0.7170106	153.7348	0	10.94	24428	0	0	5	5	0.02	-0.1995354	1	10	0.08	2800	148.1291	40.92394	-91.39368
311364	2748	-769	122	-42.36024	0.7170106	153.7348	0	10.94	24428	0	0	5	5	0.02	-0.1995354	1	10	0.08	2800	148.1291	40.92394	-91.39368
311459	2748	-769	122	-42.36024	0.7170106	153.7348	0	10.94	24428	0	0	5	5	0.02	-0.1995354	1	10	0.08	2800	148.1291	40.92394	-91.39368
311554	2748	-769	122	-42.36024	0.7170106	153.7348	0	10.94	24428	0	0	5	5	0.02	-0.1995354	1	10	0.08	2800	148.1291	40.92394	-91.39368
311639	2748	-769	122	-42.36024	0.7170106	153.7348	0	10.94	24428	0	0	5	5	0.02	-0.1995354	1	10	0.08	2800	148.1291	40.92394	-91.39368
311733	2748	-769	122	-42.36024	0.7170106	153.7348	0	10.94	24428	0	0	5	5	0.02	-0.1995354	1	10	0.08	2800	148.1291	40.92394	-91.39368
311828	2748	-769	122	-42.36024	0.7170106	153.7348	0	10.94	24428	0	0	5	5	0.02	-0.1995354	1	10	0.08	2800	148.1291	40.92394	-91.39368
311922	2748	-769	122	-42.36024	0.7170106	153.7348	0	10.94	24428	0	0	5	5	0.02	-0.1995354	1	10	0.08	2800	148.1291	40.92394	-91.39368
312017	2748	-769	122	-42.36024	0.7170106	153.7348	0	10.94	24428	0	0	5	5	0.02	-0.1995354	1	10	0.08	2800	148.1291	40.92394	-91.39368
312112	2748	-769	122	-42.36024	0.7170106	153.7348	0	10.94	24428	0	0	5	5	0.02	-0.1995354	1	10	0.08	2800	148.1291	40.92394	-91.39368
312206	2748	-769	122	-42.36024	0.7170106	153.7348	0	10.94	24428	0	0	5	5	0.02	-0.1995354	1	10	0.08	2800	148.1291	40.92394	-91.39368
312300	2748	-769	122	-42.36024	0.7170106	153.7348	0	10.94	24428	0	0	5	5	0.02	-0.1995354	1	10	0.08	2800	148.1291	40.92394	-91.39368
312394	2748	-769	122	-42.36024	0.7170106	153.7348	0	10.94	24428	0	0	5	5	0.02	-0.1995354	1	10	0.08	2800	148.1291	40.92394	-91.39368
312488	2748	-769	122	-42.36024	0.7170106	153.7348	0	10.94	24428	0	0	5	5	0.02	-0.1995354	1	10	0.08	2800	148.1291	40.92394	-91.39368
312583	2748	-769	122	-42.36024	0.7170106	153.7348	0	10.94	24428	0	0	5	5	0.02	-0.1995354	1	10	0.08	2800	148.1291	40.92394	-91.39368
312677	2748	-769	122	-42.36024	0.7170106	153.7348	0	10.94	24428	0	0	5	5	0.02	-0.1995354	1	10	0.08	2800	148.1291	40.92394	-91.39368
312771	2748	-769	122	-42.36024	0.7170106	153.7348	0	10.94	24428	0	0	5	5	0.02	-0.1995354	1	10	0.08	2800	148.1291	40.92394	-91.39368
312865	2748	-769	122	-42.36024	0.7170106	153.7348	0	10.94	24428	0	0	5	5	0.02	-0.1995354	1	10	0.08	2800	148.1291	40.92394	-91.39368
312959	2748	-769	122	-42.36024	0.7170106	153.7348	0	10.94	24428	0	0	5	5	0.02	-0.1995354	1	10	0.08	2800	148.1291	40.92394	-91.39368
313043	2748	-769	122	-42.36024	0.7170106	153.7348	0	10.94	24428	0	0	5	5	0.02	-0.1995354	1	10	0.08	2800	148.1291	40.92394	-91.39368
313137	2748	-769	122	-42.36024	0.7170106	153.7348	0	10.94	24428	0	0	5	5	0.02	-0.1995354	1	10	0.08	2800	148.1291	40.92394	-91.39368
313231	2748	-769	122	-42.36024	0.7170106	153.7348	0	10.94	24428	0	0	5	5	0.02	-0.1995354	1	10	0.08	2800	148.1291	40.92394	-91.39368
313324	2748	-769	122	-42.36024	0.7170106	153.7348	0	10.94	24428	0	0	5	5	0.02	-0.1995354	1	10	0.08	2800	148.1291	40.92394	-91.39368
313417	2748	-769	122	-42.36024	0.7170106	153.7348	0	10.94	24428	0	0	5	5	0.02	-0.1995354	1	10	0.08	2800	148.1291	40.92394	-91.39368
313510	2748	-769	122	-42.36024	0.7170106	153.7348	0	10.94	24428	0	0	5	5	0.02	-0.1995354	1	10	0.08	2800	148.1291	40.92394	-91.39368
313603	2748	-769	122	-42.36024	0.7170106	153.7348	0	10.94	24428	0	0	5	5	0.02	-0.1995354	1	10	0.08	2800	148.1291	40.92394	-91.39368
313695	2748	-769	122	-42.36024	0.7170106	153.7348	0	10.94	24428	0	0	5	5	0.02	-0.1995354	1	10	0.08	2800	148.1291	40.92394	-91.39368
313787	2748	-769	122	-42.36024	0.7170106	153.7348	0	10.94	24428	0	0	5	5	0.02	-0.1995354	1	10	0.08	2800	148.1291	40.92394	-91.39368
313878	2748	-769	122	-42.36024	0.7170106	153.7348	0	10.94	24428	0	0	5	5	0.02	-0.1995354	1	10	0.08	2800	148.1291	40.92394	-91.39368
313971	2748	-769	122	-42.36024	0.7170106	153.7348	0	10.94	24428	0	0	5	5	0.02	-0.1995354	1	10	0.08	2800	148.1291	40.92394	-91.39368
314064	2748	-769	122	-42.36024	0.7170106	153.7348	0	10.94	24428	0	0	5	5	0.02	-0.1995354	1	10	0.08	2800	148.1291	40.92394	-91.39368
314156	2748	-769	122	-42.36024	0.7170106	153.7348	0	10.94	24428	0	0	5	5	0.02	-0.1995354	1	10	0.08	2800	148.1291	40.92394	-91.39368
314248	2748	-769	122	-42.36024	0.7170106	153.7348	0	10.94	24428	0	0	5	5	0.02	-0.1995354	1	10	0.08	2800	148.1291	40.92394	-91.39368
314341	2748	-769	122	-42.36024	0.7170106	153.7348	0	10.94	24428	0	0	5	5	0.02	-0.1995354	1	10	0.08	2800	148.1291	40.92394	-91.39368
314423	2748	-769	122	-42.36024	0.7170106	153.7348	0	10.94	24428	0	0	5	5	0.02	-0.1995354	1	10	0.08	2800	148.1291	40.92394	-91.39368
314515	2748	-769	122	-42.36024	0.7170106	153.7348	0	10.94	24428	0	0	5	5	0.02	-0.1995354	1	10	0.08	2800	148.1291	40.92394	-91.39368
314607	2748	-769	122	-42.36024	0.7170106	153.7348	0	10.94	24428	0	0	5	5	0.02	-0.1995354	1	10	0.08	2800	148.1291	40.92394	-91.39368
314699	2748	-769	122	-42.36024	0.7170106	153.7348	0	10.94	24428	0	0	5	5	0.02	-0.1995354	1	10	0.08	2800	148.1291	40.92394	-91.39368
314791	2748	-769	122	-42.36024	0.7170106	153.7348	0	10.94	24428	0	0	5	5	0.02	-0.1995354	1	10	0.08	2800	148.1291	40.92394	-91.39368
314883	2748	-769	122	-42.36024	0.7170106	153.7348	0	10.94	24428	0	0	5	5	0.02	-0.1995354	1	10	0.08	2800	148.1291	40.92394	-91.39368
314975	2748	-769	122	-42.36024	0.7170106	153.7348	0	10.94	24428	0	0	5	5	0.02	-0.1995354	1	10	0.08	2800	148.1291	40.92394	-91.39368
315067	2748	-769	122	-42.36024	0.7170106	153.7348	0	10.94	24428	0	0	5	5	0.02	-0.1995354	1	10	0.08	2800	148.1291	40.92394	-91.39368
315159	2748	-769	122	-42.36024	0.7170106	153.7348	0	10.94	24428	0	0	5	5	0.02	-0.1995354	1	10	0.08	2800	148.1291	40.92394	-91.39368
315251	2748	-769	122	-42.36024	0.7170106	153.7348	0	10.94	24428	0	0	5	5	0.02	-0.1995354	1	10	0.08	2800	148.1291	40.92394	-91.39368
315343	2748	-769	122	-42.36024	0.7170106	153.7348	0	10.94	24428	0	0	5	5	0.02	-0.1995354	1	10	0.08	2800	148.1291	40.92394	-91.39368
315435	2748	-769	122	-42.36024	0.7170106	153.7348	0	10.94	24428	0	0	5	5	0.02	-0.1995354	1	10	0.08	2800	148.1291	40.92394	-91.39368
315527	2748	-769	122	-42.36024	0.7170106	153.7348	0	10.94	24428	0	0	5	5	0.02	-0.1995354	1	10	0.08	2800	148.1291	40.92394	-91.39368
315619	2748	-769	122	-42.36024	0.7170106	153.7348	0	10.94	24428	0	0	5	5	0.02	-0.1995354	1	10	0.08	2800	148.1291	40.92394	-91.39368
315710	2748	-769	122	-42.36024	0.7170106	153.7348	0	10.94	24428	0	0	5	5	0.02	-0.1995354	1	10	0.08	2800	148.1291	40.92394	-91.39368
315792	2748	-769	122	-42.36024	0.7170106	153.7348	0	10.94	24428	0	0	5	5	0.02	-0.1995354	1	10	0.08	2800	148.1291	40.92394	-91.39368
315883	2748	-769	122	-42.36024	0.7170106	153.7348	0	10.94	24428	0	0	5	5	0.02	-0.1995354	1	10	0.08	2800	148.1291	40.92394	-91.39368
315974	2748	-769	122	-42.36024	0.7170106	153.7348	0	10.94	24428	0	0	5	5	0.02	-0.1995354	1	10	0.08	2800	148.1291	40.92394	-91.39368
316065	2748	-769	122	-42.36024	0.7170106	153.7348	0	10.94	24428	0	0	5	5	0.02	-0.1995354	1	10	0.08	2800	148.1291	40.92394	-91.39368
316156	2748	-769	122	-42.36024	0.7170106	153.7348	0	10.94	24428	0	0	5	5	0.02	-0.1995354	1	10	0.08	2800	148.1291	40.92394	-91.39368
316253	2748	-769	122	-42.36024	0.7170106	153.7348	0	10.94	24428	0	0	5	5	0.02	-0.1995354	1	10	0.08	2800	148.1291	40.92394	-91.39368
316344	2748	-769	122	-42.36024	0.7170106	153.7348	0	10.94	24428	0	0	5	5	0.02	-0.1995354	1	10	0.08	2800	148.1291	40.92394	-91.39368
316435	2748	-769	122	-42.36024	0.7170106	153.7348	0	10.94	24428	0	0	5	5	0.02	-0.1995354	1	10	0.08	2800	148.1291	40.92394	-91.39368
316526	2748	-769	122	-42.36024	0.7170106	153.7348	0	10.94	24428	0	0	5	5	0.02	-0.1995354	1	10	0.08	2800	148.1291	40.92394	-91.39368
316616	2748	-769	122	-42.36024	0.7170106	153.7348	0	10.94	24428	0	0	5	5	0.02	-0.1995354	1	10	0.08	2800	148.1291	40.92394	-91.39368
316706	2748	-769	122	-42.36024	0.7170106	153.7348	0	10.94	24428	0	0	5	5	0.02	-0.1995354	1	10	0.08	2800	148.1291	40.92394	-91.39368
316797	2748	-769	122	-42.36024	0.7170106	153.7348	0	10.94	24428	0	0	5	5	0.02	-0.1995354	1	10	0.08	2800	148.1291	40.92394	-91.39368
316887	2748	-769	122	-42.36024	0.7170106	153.7348	0	10.94	24428	0	0	5	5	0.02	-0.1995354	1	10	0.08	2800	148.1291	40.92394	-91.39368
316977	2748	-769	122	-42.36024	0.7170106	153.7348	0	10.94	24428	0	0	5	5	0.02	-0.1995354	1	10	0.08	2800	148.1291	40.92394	-91.39368
317067	2748	-769	122	-42.36024	0.7170106	153.7348	0	10.94	24428	0	0	5	5	0.02	-0.1995354	1	10	0.08	2800	148.1291	40.92394	-91.39368
317147	2748	-769	122	-42.36024	0.7170106	153.7348	0	10.94	24428	0	0	5	5	0.02	-0.1995354	1	10	0.08	2800	148.1291	40.92394	-91.39368
317238	2748	-769	122	-42.36024	0.7170106	153.7348	0	10.94	24428	0	0	5	5	0.02	-0.1995354	1	10	0.08	2800	148.1291	40.92394	-91.39368
317328	2748	-769	122	-42.36024	0.7170106	153.7348	0	10.94	24428	0	0	5	5	0.02	-0.1995354	1	10	0.08	2800	148.1291	40.92394	-91.39368
317418	2748	-769	122	-42.36024	0.7170106	153.7348	0	10.94	24428	0	0	5	5	0.02	-0.1995354	1	10	0.08	2800	148.1291	40.92394	-91.39368
317508	2748	-769	122	-42.36024	0.7170106	153.7348	0	10.94	24428	0	0	5	5	0.02	-0.1995354	1	10	0.08	2800	148.1291	40.92394	-91.39368
317597	2748	-769	122	-42.36024	0.7170106	153.7348	0	10.94	24428	0	0	5	5	0.02	-0.1995354	1	10	0.08	2800	148.1291	40.92394	-91.39368
317687	2748	-769	122	-42.36024	0.7170106	153.7348	0	10.94	24428	0	0	5	5	0.02	-0.1995354	1	10	0.08	2800	148.1291	40.92394	-91.39368
317777	2748	-769	122	-42.36024	0.7170106	153.7348	0	10.94	24428	0	0	5	5	0.02	-0.1995354	1	10	0.08	2800	148.1291	40.92394	-91.39368
317867	2748	-769	122	-42.36024	0.7170106	153.7348	0	10.94	24428	0	0	5	5	0.02	-0.1995354	1	10	0.08	2800	148.1291	40.92394	-91.39368
317957	2748	-769	122	-42.36024	0.7170106	153.7348	0	10.94	24428	0	0	5	5	0.02	-0.1995354	1	10	0.08	2800	148.1291	40.92394	-91.39368
318046	2748	-769	122	-42.36024	0.7170106	153.7348	0	10.94	24428	0	0	5	5	0.02	-0.1995354	1	10	0.08	2800	148.1291	40.92394	-91.39368
318135	2748	-769	122	-42.36024	0.7170106	153.7348	0	10.94	24428	0	0	5	5	0.02	-0.1995354	1	10	0.08	2800	148.1291	40.92394	-91.39368
318225	2748	-769	122	-42.36024	0.7170106	153.7348	0	10.94	24428	0	0	5	5	0.02	-0.1995354	1	10	0.08	2800	148.1291	40.92394	-91.39368
318315	2748	-769	122	-42.36024	0.7170106	153.7348	0	10.94	24428	0	0	5	5	0.02	-0.1995354	1	10	0.08	2800	148.1291	40.92394	-91.39368
318394	2748	-769	122	-42.36024	0.7170106	153.7348	0	10.94	24428	0	0	5	5	0.02	-0.1995354	1	10	0.08	2800	148.1291	40.92394	-91.39368
318485	2748	-769	122	-42.36024	0.7170106	153.7348	0	10.94	24428	0	0	5	5	0.02	-0.1995354	1	10	0.08	2800	148.1291	40.92394	-91.39368
318576	2748	-769	122	-42.36024	0.7170106	153.7348	0	10.94	24428	0	0	5	5	0.02	-0.1995354	1	10	0.08	2800	148.1291	40.92394	-91.39368
318666	2748	-769	122	-42.36024	0.7170106	153.7348	0	10.94	24428	0	0	5	5	0.02	-0.1995354	1	10	0.08	2800	148.1291	40.92394	-91.39368
318757	2748	-769	122	-42.36024	0.7170106	153.7348	0	10.94	24428	0	0	5	5	0.02	-0.1995354	1	10	0.08	2800	148.1291	40.92394	-91.39368
318848	2748	-769	122	-42.36024	0.7170106	153.7348	0	10.94	24428	0	0	5	5	0.02	-0.1995354	1	10	0.08	2800	148.1291	40.92394	-91.39368
318938	2748	-769	122	-42.36024	0.7170106	153.7348	0	10.94	24428	0	0	5	5	0.02	-0.1995354	1	10	0.08	2800	148.1291	40.92394	-91.39368
319029	2748	-769	122	-42.36024	0.7170106	153.7348	0	10.94	24428	0	0	5	5	0.02	-0.1995354	1	10	0.08	2800	148.1291	40.92394	-91.39368
319119	2748	-769	122	-42.36024	0.7170106	153.7348	0	10.94	24428	0	0	5	5	0.02	-0.1995354	1	10	0.08	2800	148.1291	40.92394	-91.39368
319209	2748	-769	122	-42.36024	0.7170106	153.7348	0	10.94	24428	0	0	5	5	0.02	-0.1995354	1	10	0.08	2800	148.1291	40.92394	-91.39368
319298	2748	-769	122	-42.36024	0.7170106	153.7348	0	10.94	24428	0	0	5	5	0.02	-0.1995354	1	10	0.08	2800	148.1291	40.92394	-91.39368
319386	2748	-769	122	-42.36024	0.7170106	153.7348	0	10.94	24428	0	0	5	5	0.02	-0.1995354	1	10	0.08	2800	148.1291	40.92394	-91.39368
319474	2748	-769	122	-42.36024	0.7170106	153.7348	0	10.94	24428	0	0	5	5	0.02	-0.1995354	1	10	0.08	2800	148.1291	40.92394	-91.39368
319563	2748	-769	122	-42.36024	0.7170106	153.7348	0	10.94	24428	0	0	5	5	0.02	-0.1995354	1	10	0.08	2800	148.1291	40.92394	-91.39368
319650	2748	-769	122	-42.36024	0.7170106	153.7348	0	10.94	24428	0	0	5	5	0.02	-0.1995354	1	10	0.08	2800	148.1291	40.92394	-91.39368
319728	2748	-769	122	-42.36024	0.7170106	153.7348	0	10.94	24428	0	0	5	5	0.02	-0.1995354	1	10	0.08	2800	148.1291	40.92394	-91.39368
319815	2748	-769	122	-42.36024	0.7170106	153.7348	0	10.94	24428	0	0	5	5	0.02	-0.1995354	1	10	0.08	2800	148.1291	40.92394	-91.39368
319903	2748	-769	122	-42.36024	0.7170106	153.7348	0	10.94	24428	0	0	5	5	0.02	-0.1995354	1	10	0.08	2800	148.1291	40.92394	-91.39368
319991	2748	-769	122	-42.36024	0.7170106	153.7348	0	10.94	24428	0	0	5	5	0.02	-0.1995354	1	10	0.08	2800	148.1291	40.92394	-91.39368
320079	2748	-769	122	-42.36024	0.7170106	153.7348	0	10.94	24428	0	0	5	5	0.02	-0.1995354	1	10	0.08	2800	148.1291	40.92394	-91.39368
320166	2748	-769	122	-42.36024	0.7170106	153.7348	0	10.94	24428	0	0	5	5	0.02	-0.1995354	1	10	0.08	2800	148.1291	40.92394	-91.39368
320253	2748	-769	122	-42.36024	0.7170106	153.7348	0	10.94	24428	0	0	5	5	0.02	-0.1995354	1	10	0.08	2800	148.1291	40.92394	-91.39368
320340	2748	-769	122	-42.36024	0.7170106	153.7348	0	10.94	24428	0	0	5	5	0.02	-0.1995354	1	10	0.08	2800	148.1291	40.92394	-91.39368
320426	2748	-769	122	-42.36024	0.7170106	153.7348	0	10.94	24428	0	0	5	5	0.02	-0.1995354	1	10	0.08	2800	148.1291	40.92394	-91.39368
320514	2748	-769	122	-42.36024	0.7170106	153.7348	0	10.94	24428	0	0	5	5	0.02	-0.1995354	1	10	0.08	2800	148.1291	40.92394	-91.39368
320603	2748	-769	122	-42.36024	0.7170106	153.7348	0	10.94	24428	0	0	5	5	0.02	-0.1995354	1	10	0.08	2800	148.1291	40.92394	-91.39368
320692	2748	-769	122	-42.36024	0.7170106	153.7348	0	10.94	24428	0	0	5	5	0.02	-0.1995354	1	10	0.08	2800	148.1291	40.92394	-91.39368
320781	2748	-769	122	-42.36024	0.7170106	153.7348	0	10.94	24428	0	0	5	5	0.02	-0.1995354	1	10	0.08	2800	148.1291	40.92394	-91.39368
320869	2748	-769	122	-42.36024	0.7170106	153.7348	0	10.94	24428	0	0	5	5	0.02	-0.1995354	1	10	0.08	2800	148.1291	40.92394	-91.39368
320957	2748	-769	122	-42.36024	0.7170106	153.7348	0	10.94	24428	0	0	5	5	0.02	-0.1995354	1	10	0.08	2800	148.1291	40.92394	-91.39368
321045	2748	-769	122	-42.36024	0.7170106	153.7348	0	10.94	24428	0	0	5	5	0.02	-0.1995354	1	10	0.08	2800	148.1291	40.92394	-91.39368
321124	2748	-769	122	-42.36024	0.7170106	153.7348	0	10.94	24428	0	0	5	5	0.02	-0.1995354	1	10	0.08	2800	148.1291	40.92394	-91.39368
321216	2748	-769	122	-42.36024	0.7170106	153.7348	0	10.94	24428	0	0	5	5	0.02	-0.1995354	1	10	0.08	2800	148.1291	40.92394	-91.39368
321308	2748	-769	122	-42.36024	0.7170106	153.7348	0	10.94	24428	0	0	5	5	0.02	-0.1995354	1	10	0.08	2800	148.1291	40.92394	-91.39368
321399	2748	-769	122	-42.36024	0.7170106	153.7348	0	10.94	24428	0	0	5	5	0.02	-0.1995354	1	10	0.08	2800	148.1291	40.92394	-91.39368
321490	2748	-769	122	-42.36024	0.7170106	153.7348	0	10.94	24428	0	0	5	5	0.02	-0.1995354	1	10	0.08	2800	148.1291	40.92394	-91.39368
321582	2748	-769	122	-42.36024	0.7170106	153.7348	0	10.94	24428	0	0	5	5	0.02	-0.1995354	1	10	0.08	2800	148.1291	40.92394	-91.39368
321673	2748	-769	122	-42.36024	0.7170106	153.7348	0	10.94	24428	0	0	5	5	0.02	-0.1995354	1	10	0.08	2800	148.1291	40.92394	-91.39368
321763	2748	-769	122	-42.36024	0.7170106	153.7348	0	10.94	24428	0	0	5	5	0.02	-0.1995354	1	10	0.08	2800	148.1291	40.92394	-91.39368
321853	2748	-769	122	-42.36024	0.7170106	153.7348	0	10.94	24428	0	0	5	5	0.02	-0.1995354	1	10	0.08	2800	148.1291	40.92394	-91.39368
321944	2748	-769	122	-42.36024	0.7170106	153.7348	0	10.94	24428	0	0	5	5	0.02	-0.1995354	1	10	0.08	2800	148.1291	40.92394	-91.39368
322035	2748	-769	122	-42.36024	0.7170106	153.7348	0	10.94	24428	0	0	5	5	0.02	-0.1995354	1	10	0.08	2800	148.1291	40.92394	-91.39368
322126	2748	-769	122	-42.36024	0.7170106	153.7348	0	10.94	24428	0	0	5	5	0.02	-0.1995354	1	10	0.08	2800	148.1291	40.92394	-91.39368
322216	2748	-769	122	-42.36024	0.7170106	153.7348	0	10.94	24428	0	0	5	5	0.02	-0.1995354	1	10	0.08	2800	148.1291	40.92394	-91.39368
322296	2748	-769	122	-42.36024	0.7170106	153.7348	0	10.94	24428	0	0	5	5	0.02	-0.1995354	1	10	0.08	2800	148.1291	40.92394	-91.39368
322389	2748	-769	122	-42.36024	0.7170106	153.7348	0	10.94	24428	0	0	5	5	0.02	-0.1995354	1	10	0.08	2800	148.1291	40.92394	-91.39368
322482	2748	-769	122	-42.36024	0.7170106	153.7348	0	10.94	24428	0	0	5	5	0.02	-0.1995354	1	10	0.08	2800	148.1291	40.92394	-91.39368
322575	2748	-769	122	-42.36024	0.7170106	153.7348	0	10.94	24428	0	0	5	5	0.02	-0.1995354	1	10	0.08	2800	148.1291	40.92394	-91.39368
322668	2748	-769	122	-42.36024	0.7170106	153.7348	0	10.94	24428	0	0	5	5	0.02	-0.1995354	1	10	0.08	2800	148.1291	40.92394	-91.39368
322761	2748	-769	122	-42.36024	0.7170106	153.7348	0	10.94	24428	0	0	5	5	0.02	-0.1995354	1	10	0.08	2800	148.1291	40.92394	-91.39368
322854	2748	-769	122	-42.36024	0.7170106	153.7348	0	10.94	24428	0	0	5	5	0.02	-0.1995354	1	10	0.08	2800	148.1291	40.92394	-91.39368
322947	2748	-769	122	-42.36024	0.7170106	153.7348	0	10.94	24428	0	0	5	5	0.02	-0.1995354	1	10	0.08	2800	148.1291	40.92394	-91.39368
323040	2748	-769	122	-42.36024	0.7170106	153.7348	0	10.94	24428	0	0	5	5	0.02	-0.1995354	1	10	0.08	2800	148.1291	40.92394	-91.39368
323133	2748	-769	122	-42.36024	0.7170106	153.7348	0	10.94	24428	0	0	5	5	0.02	-0.1995354	1	10	0.08	2800	148.1291	40.92394	-91.39368
323226	2748	-769	122	-42.36024	0.7170106	153.7348	0	10.94	24428	0	0	5	5	0.02	-0.1995354	1	10	0.08	2800	148.1291	40.92394	-91.39368
323319	2748	-769	122	-42.36024	0.7170106	153.7348	0	10.94	24428	0	0	5	5	0.02	-0.1995354	1	10	0.08	2800	148.1291	40.92394	-91.39368
323412	2748	-769	122	-42.36024	0.7170106	153.7348	0	10.94	24428	0	0	5	5	0.02	-0.1995354	1	10	0.08	2800	148.1291	40.92394	-91.39368
323504	2748	-769	122	-42.36024	0.7170106	153.7348	0	10.94	24428	0	0	5	5	0.02	-0.1995354	1	10	0.08	2800	148.1291	40.92394	-91.39368
323587	2748	-769	122	-42.36024	0.7170106	153.7348	0	10.94	24428	0	0	5	5	0.02	-0.1995354	1	10	0.08	2800	148.1291	40.92394	-91.39368
323680	2748	-769	122	-42.36024	0.7170106	153.7348	0	10.94	24428	0	0	5	5	0.02	-0.1995354	1	10	0.08	2800	148.1291	40.92394	-91.39368
323773	2748	-769	122	-42.36024	0.7170106	153.7348	0	10.94	24428	0	0	5	5	0.02	-0.1995354	1	10	0.08	2800	148.1291	40.92394	-91.39368
323866	2748	-769	122	-42.36024	0.7170106	153.7348	0	10.94	24428	0	0	5	5	0.02	-0.1995354	1	10	0.08	2800	148.1291	40.92394	-91.39368
323958	2748	-769	122	-42.36024	0.7170106	153.7348	0	10.94	24428	0	0	5	5	0.02	-0.1995354	1	10	0.08	2800	148.1291	40.92394	-91.39368
324051	2748	-769	122	-42.36024	0.7170106	153.7348	0	10.94	24428	0	0	5	5	0.02	-0.1995354	1	10	0.08	2800	148.1291	40.92394	-91.39368
324143	2748	-769	122	-42.36024	0.7170106	153.7348	0	10.94	24428	0	0	5	5	0.02	-0.1995354	1	10	0.08	2800	148.1291	40.92394	-91.39368
324236	2748	-769	122	-42.36024	0.7170106	153.7348	0	10.94	24428	0	0	5	5	0.02	-0.1995354	1	10	0.08	2800	148.1291	40.92394	-91.39368
324329	2748	-769	122	-42.36024	0.7170106	153.7348	0	10.94	24428	0	0	5	5	0.02	-0.1995354	1	10	0.08	2800	148.1291	40.92394	-91.39368
324422	2748	-769	122	-42.36024	0.7170106	153.7348	0	10.94	24428	0	0	5	5	0.02	-0.1995354	1	10	0.08	2800	148.1291	40.92394	-91.39368
324516	2748	-769	122	-42.36024	0.7170106	153.7348	0	10.94	24428	0	0	5	5	0.02	-0.1995354	1	10	0.08	2800	148.1291	40.92394	-91.39368
324605	2748	-769	122	-42.36024	0.7170106	153.7348	0	10.94	24428	0	0	5	5	0.02	-0.1995354	1	10	0.08	2800	148.1291	40.92394	-91.39368
324695	2748	-769	122	-42.36024	0.7170106	153.7348	0	10.94	24428	0	0	5	5	0.02	-0.1995354	1	10	0.08	2800	148.1291	40.92394	-91.39368
324788	2748	-769	122	-42.36024	0.7170106	153.7348	0	10.94	24428	0	0	5	5	0.02	-0.1995354	1	10	0.08	2800	148.1291	40.92394	-91.39368
324881	2748	-769	122	-42.36024	0.7170106	153.7348	0	10.94	24428	0	0	5	5	0.02	-0.1995354	1	10	0.08	2800	148.1291	40.92394	-91.39368
324974	2748	-769	122	-42.36024	0.7170106	153.7348	0	10.94	24428	0	0	5	5	0.02	-0.1995354	1	10	0.08	2800	148.1291	40.92394	-91.39368
325057	2748	-769	122	-42.36024	0.7170106	153.7348	0	10.94	24428	0	0	5	5	0.02	-0.1995354	1	10	0.08	2800	148.1291	40.92394	-91.39368
325150	2748	-769	122	-42.36024	0.7170106	153.7348	0	10.94	24428	0	0	5	5	0.02	-0.1995354	1	10	0.08	2800	148.1291	40.92394	-91.39368
325243	2748	-769	122	-42.36024	0.7170106	153.7348	0	10.94	24428	0	0	5	5	0.02	-0.1995354	1	10	0.08	2800	148.1291	40.92394	-91.39368
325336	2748	-769	122	-42.36024	0.7170106	153.7348	0	10.94	24428	0	0	5	5	0.02	-0.1995354	1	10	0.08	2800	148.1291	40.92394	-91.39368
325429	2748	-769	122	-42.36024	0.7170106	153.7348	0	10.94	24428	0	0	5	5	0.02	-0.1995354	1	10	0.08	2800	148.1291	40.92394	-91.39368
325522	2748	-769	122	-42.36024	0.7170106	153.7348	0	10.94	24428	0	0	5	5	0.02	-0.1995354	1	10	0.08	2800	148.1291	40.92394	-91.39368
325615	2748	-769	122	-42.36024	0.7170106	153.7348	0	10.94	24428	0	0	5	5	0.02	-0.1995354	1	10	0.08	2800	148.1291	40.92394	-91.39368
325708	2748	-769	122	-42.36024	0.7170106	153.7348	0	10.94	24428	0	0	5	5	0.02	-0.1995354	1	10	0.08	2800	148.1291	40.92394	-91.39368
325801	2748	-769	122	-42.36024	0.7170106	153.7348	0	10.94	24428	0	0	5	5	0.02	-0.1995354	1	10	0.08	2800	148.1291	40.92394	-91.39368
325895	2748	-769	122	-42.36024	0.7170106	153.7348	0	10.94	24428	0	0	5	5	0.02	-0.1995354	1	10	0.08	2800	148.1291	40.92394	-91.39368
325988	2748	-769	122	-42.36024	0.7170106	153.7348	0	10.94	24428	0	0	5	5	0.02	-0.1995354	1	10	0.08	2800	148.1291	40.92394	-91.39368
326081	2748	-769	122	-42.36024	0.7170106	153.7348	0	10.94	24428	0	0	5	5	0.02	-0.1995354	1	10	0.08	2800	148.1291	40.92394	-91.39368
326174	2748	-769	122	-42.36024	0.7170106	153.7348	0	10.94	24428	0	0	5	5	0.02	-0.1995354	1	10	0.08	2800	148.1291	40.92394	-91.39368
326267	2748	-769	122	-42.36024	0.7170106	153.7348	0	10.94	24428	0	0	5	5	0.02	-0.1995354	1	10	0.08	2800	148.1291	40.92394	-91.39368
326360	2748	-769	122	-42.36024	0.7170106	153.7348	0	10.94	24428	0	0	5	5	0.02	-0.1995354	1	10	0.08	2800	148.1291	40.92394	-91.39368
326444	2748	-769	122	-42.36024	0.7170106	153.7348	0	10.94	24428	0	0	5	5	0.02	-0.1995354	1	10	0.08	2800	148.1291	40.92394	-91.39368
326536	2748	-769	122	-42.36024	0.7170106	153.7348	0	10.94	24428	0	0	5	5	0.02	-0.1995354	1	10	0.08	2800	148.1291	40.92394	-91.39368
326635	2748	-769	122	-42.36024	0.7170106	153.7348	0	10.94	24428	0	0	5	5	0.02	-0.1995354	1	10	0.08	2800	148.1291	40.92394	-91.39368
326728	2748	-769	122	-42.36024	0.7170106	153.7348	0	10.94	24428	0	0	5	5	0.02	-0.1995354	1	10	0.08	2800	148.1291	40.92394	-91.39368
326821	2748	-769	122	-42.36024	0.7170106	153.7348	0	10.94	24428	0	0	5	5	0.02	-0.1995354	1	10	0.08	2800	148.1291	40.92394	-91.39368
326914	2748	-769	122	-42.36024	0.7170106	153.7348	0	10.94	24428	0	0	5	5	0.02	-0.1995354	1	10	0.08	2800	148.1291	40.92394	-91.39368
327013	2748	-769	122	-42.36024	0.7170106	153.7348	0	10.94	24428	0	0	5	5	0.02	-0.1995354	1	10	0.08	2800	148.1291	40.92394	-91.39368
327106	2748	-769	122	-42.36024	0.7170106	153.7348	0	10.94	24428	0	0	5	5	0.02	-0.1995354	1	10	0.08	2800	148.1291	40.92394	-91.39368
327199	2748	-769	122	-42.36024	0.7170106	153.7348	0	10.94	24428	0	0	5	5	0.02	-0.1995354	1	10	0.08	2800	148.1291	40.92394	-91.39368
327292	2748	-769	122	-42.36024	0.7170106	153.7348	0	10.94	24428	0	0	5	5	0.02	-0.1995354	1	10	0.08	2800	148.1291	40.92394	-91.39368
327380	2748	-769	122	-42.36024	0.7170106	153.7348	0	10.94	24428	0	0	5	5	0.02	-0.1995354	1	10	0.08	2800	148.1291	40.92394	-91.39368
327468	2748	-769	122	-42.36024	0.7170106	153.7348	0	10.94	24428	0	0	5	5	0.02	-0.1995354	1	10	0.08	2800	148.1291	40.92394	-91.39368
327556	2748	-769	122	-42.36024	0.7170106	153.7348	0	10.94	24428	0	0	5	5	0.02	-0.1995354	1	10	0.08	2800	148.1291	40.92394	-91.39368
327645	2748	-769	122	-42.36024	0.7170106	153.7348	0	10.94	24428	0	0	5	5	0.02	-0.1995354	1	10	0.08	2800	148.1291	40.92394	-91.39368
327733	2748	-769	122	-42.36024	0.7170106	153.7348	0	10.94	24428	0	0	5	5	0.02	-0.1995354	1	10	0.08	2800	148.1291	40.92394	-91.39368
327816	2748	-769	122	-42.36024	0.7170106	153.7348	0	10.94	24428	0	0	5	5	0.02	-0.1995354	1	10	0.08	2800	148.1291	40.92394	-91.39368
327901	2748	-769	122	-42.36024	0.7170106	153.7348	0	10.94	24428	0	0	5	5	0.02	-0.1995354	1	10	0.08	2800	148.1291	40.92394	-91.39368
327990	2748	-769	122	-42.36024	0.7170106	153.7348	0	10.94	24428	0	0	5	5	0.02	-0.1995354	1	10	0.08	2800	148.1291	40.92394	-91.39368
328080	2748	-769	122	-42.36024	0.7170106	153.7348	0	10.94	24428	0	0	5	5	0.02	-0.1995354	1	10	0.08	2800	148.1291	40.92394	-91.39368
328168	2748	-769	122	-42.36024	0.7170106	153.7348	0	10.94	24428	0	0	5	5	0.02	-0.1995354	1	10	0.08	2800	148.1291	40.92394	-91.39368
328256	2748	-769	122	-42.36024	0.7170106	153.7348	0	10.94	24428	0	0	5	5	0.02	-0.1995354	1	10	0.08	2800	148.1291	40.92394	-91.39368
328344	2748	-769	122	-42.36024	0.7170106	153.7348	0	10.94	24428	0	0	5	5	0.02	-0.1995354	1	10	0.08	2800	148.1291	40.92394	-91.39368
328433	2748	-769	122	-42.36024	0.7170106	153.7348	0	10.94	24428	0	0	5	5	0.02	-0.1995354	1	10	0.08	2800	148.1291	40.92394	-91.39368
328522	2748	-769	122	-42.36024	0.7170106	153.7348	0	10.94	24428	0	0	5	5	0.02	-0.1995354	1	10	0.08	2800	148.1291	40.92394	-91.39368
328611	2748	-769	122	-42.36024	0.7170106	153.7348	0	10.94	24428	0	0	5	5	0.02	-0.1995354	1	10	0.08	2800	148.1291	40.92394	-91.39368
328700	2748	-769	122	-42.36024	0.7170106	153.7348	0	10.94	24428	0	0	5	5	0.02	-0.1995354	1	10	0.08	2800	148.1291	40.92394	-91.39368
328789	2748	-769	122	-42.36024	0.7170106	153.7348	0	10.94	24428	0	0	5	5	0.02	-0.1995354	1	10	0.08	2800	148.1291	40.92394	-91.39368
328878	2748	-769	122	-42.36024	0.7170106	153.7348	0	10.94	24428	0	0	5	5	0.02	-0.1995354	1	10	0.08	2800	148.1291	40.92394	-91.39368
328967	2748	-769	122	-42.36024	0.7170106	153.7348	0	10.94	24428	0	0	5	5	0.02	-0.1995354	1	10	0.08	2800	148.1291	40.92394	-91.39368
329056	2748	-769	122	-42.36024	0.7170106	153.7348	0	10.94	24428	0	0	5	5	0.02	-0.1995354	1	10	0.08	2800	148.1291	40.92394	-91.39368
329135	2748	-769	122	-42.36024	0.7170106	153.7348	0	10.94	24428	0	0	5	5	0.02	-0.1995354	1	10	0.08	2800	148.1291	40.92394	-91.39368
329225	2748	-769	122	-42.36024	0.7170106	153.7348	0	10.94	24428	0	0	5	5	0.02	-0.1995354	1	10	0.08	2800	148.1291	40.92394	-91.39368
329315	2748	-769	122	-42.36024	0.7170106	153.7348	0	10.94	24428	0	0	5	5	0.02	-0.1995354	1	10	0.08	2800	148.1291	40.92394	-91.39368
329405	2748	-769	122	-42.36024	0.7170106	153.7348	0	10.94	24428	0	0	5	5	0.02	-0.1995354	1	10	0.08	2800	148.1291	40.92394	-91.39368
329496	2748	-769	122	-42.36024	0.7170106	153.7348	0	10.94	24428	0	0	5	5	0.02	-0.1995354	1	10	0.08	2800	148.1291	40.92394	-91.39368
329586	2748	-769	122	-42.36024	0.7170106	153.7348	0	10.94	24428	0	0	5	5	0.02	-0.1995354	1	10	0.08	2800	148.1291	40.92394	-91.39368
329676	2748	-769	122	-42.36024	0.7170106	153.7348	0	10.94	24428	0	0	5	5	0.02	-0.1995354	1	10	0.08	2800	148.1291	40.92394	-91.39368
329765	2748	-769	122	-42.36024	0.7170106	153.7348	0	10.94	24428	0	0	5	5	0.02	-0.1995354	1	10	0.08	2800	148.1291	40.92394	-91.39368
329854	2748	-769	122	-42.36024	0.7170106	153.7348	0	10.94	24428	0	0	5	5	0.02	-0.1995354	1	10	0.08	2800	148.1291	40.92394	-91.39368
329941	2748	-769	122	-42.36024	0.7170106	153.7348	0	10.94	24428	0	0	5	5	0.02	-0.1995354	1	10	0.08	2800	148.1291	40.92394	-91.39368
330029	2748	-769	122	-42.36024	0.7170106	153.7348	0	10.94	24428	0	0	5	5	0.02	-0.1995354	1	10	0.08	2800	148.1291	40.92394	-91.39368
330118	2748	-769	122	-42.36024	0.7170106	153.7348	0	10.94	24428	0	0	5	5	0.02	-0.1995354	1	10	0.08	2800	148.1291	40.92394	-91.39368
330207	2748	-769	122	-42.36024	0.7170106	153.7348	0	10.94	24428	0	0	5	5	0.02	-0.1995354	1	10	0.08	2800	148.1291	40.92394	-91.39368
330296	2748	-769	122	-42.36024	0.7170106	153.7348	0	10.94	24428	0	0	5	5	0.02	-0.1995354	1	10	0.08	2800	148.1291	40.92394	-91.39368
330385	2748	-769	122	-42.36024	0.7170106	153.7348	0	10.94	24428	0	0	5	5	0.02	-0.1995354	1	10	0.08	2800	148.1291	40.92394	-91.39368
330465	2748	-769	122	-42.36024	0.7170106	153.7348	0	10.94	24428	0	0	5	5	0.02	-0.1995354	1	10	0.08	2800	148.1291	40.92394	-91.39368
330553	2748	-769	122	-42.36024	0.7170106	153.7348	0	10.94	24428	0	0	5	5	0.02	-0.1995354	1	10	0.08	2800	148.1291	40.92394	-91.39368
330640	2748	-769	122	-42.36024	0.7170106	153.7348	0	10.94	24428	0	0	5	5	0.02	-0.1995354	1	10	0.08	2800	148.1291	40.92394	-91.39368
330728	2748	-769	122	-42.36024	0.7170106	153.7348	0	10.94	24428	0	0	5	5	0.02	-0.1995354	1	10	0.08	2800	148.1291	40.92394	-91.39368
330817	2748	-769	122	-42.36024	0.7170106	153.7348	0	10.94	24428	0	0	5	5	0.02	-0.1995354	1	10	0.08	2800	148.1291	40.92394	-91.39368
330906	2748	-769	122	-42.36024	0.7170106	153.7348	0	10.94	24428	0	0	5	5	0.02	-0.1995354	1	10	0.08	2800	148.1291	40.92394	-91.39368
330994	2748	-769	122	-42.36024	0.7170106	153.7348	0	10.94	24428	0	0	5	5	0.02	-0.1995354	1	10	0.08	2800	148.1291	40.92394	-91.39368
331081	2748	-769	122	-42.36024	0.7170106	153.7348	0	10.94	24428	0	0	5	5	0.02	-0.1995354	1	10	0.08	2800	148.1291	40.92394	-91.39368
331171	2748	-769	122	-42.36024	0.7170106	153.7348	0	10.94	24428	0	0	5	5	0.02	-0.1995354	1	10	0.08	2800	148.1291	40.92394	-91.39368
331259	2748	-769	122	-42.36024	0.7170106	153.7348	0	10.94	24428	0	0	5	5	0.02	-0.1995354	1	10	0.08	2800	148.1291	40.92394	-91.39368
331347	2748	-769	122	-42.36024	0.7170106	153.7348	0	10.94	24428	0	0	5	5	0.02	-0.1995354	1	10	0.08	2800	148.1291	40.92394	-91.39368
331430	2748	-769	122	-42.36024	0.7170106	153.7348	0	10.94	24428	0	0	5	5	0.02	-0.1995354	1	10	0.08	2800	148.1291	40.92394	-91.39368
331518	2748	-769	122	-42.36024	0.7170106	153.7348	0	10.94	24428	0	0	5	5	0.02	-0.1995354	1	10	0.08	2800	148.1291	40.92394	-91.39368
331607	2748	-769	122	-42.36024	0.7170106	153.7348	0	10.94	24428	0	0	5	5	0.02	-0.1995354	1	10	0.08	2800	148.1291	40.92394	-91.39368
331687	2748	-769	122	-42.36024	0.7170106	153.7348	0	10.94	24428	0	0	5	5	0.02	-0.1995354	1	10	0.08	2800	148.1291	40.92394	-91.39368
331774	2748	-769	122	-42.36024	0.7170106	153.7348	0	10.94	24428	0	0	5	5	0.02	-0.1995354	1	10	0.08	2800	148.1291	40.92394	-91.39368
331871	2748	-769	122	-42.36024	0.7170106	153.7348	0	10.94	24428	0	0	5	5	0.02	-0.1995354	1	10	0.08	2800	148.1291	40.92394	-91.39368
331959	2748	-769	122	-42.36024	0.7170106	153.7348	0	10.94	24428	0	0	5	5	0.02	-0.1995354	1	10	0.08	2800	148.1291	40.92394	-91.39368
332045	2748	-769	122	-42.36024	0.7170106	153.7348	0	10.94	24428	0	0	5	5	0.02	-0.1995354	1	10	0.08	2800	148.1291	40.92394	-91.39368
332131	2748	-769	122	-42.36024	0.7170106	153.7348	0	10.94	24428	0	0	5	5	0.02	-0.1995354	1	10	0.08	2800	148.1291	40.92394	-91.39368
332218	2748	-769	122	-42.36024	0.7170106	153.7348	0	10.94	24428	0	0	5	5	0.02	-0.1995354	1	10	0.08	2800	148.1291	40.92394	-91.39368
332307	2748	-769	122	-42.36024	0.7170106	153.7348	0	10.94	24428	0	0	5	5	0.02	-0.1995354	1	10	0.08	2800	148.1291	40.92394	-91.39368
332395	2748	-769	122	-42.36024	0.7170106	153.7348	0	10.94	24428	0	0	5	5	0.02	-0.1995354	1	10	0.08	2800	148.1291	40.92394	-91.39368
332481	2748	-769	122	-42.36024	0.7170106	153.7348	0	10.94	24428	0	0	5	5	0.02	-0.1995354	1	10	0.08	2800	148.1291	40.92394	-91.39368
332569	2748	-769	122	-42.36024	0.7170106	153.7348	0	10.94	24428	0	0	5	5	0.02	-0.1995354	1	10	0.08	2800	148.1291	40.92394	-91.39368
332658	2748	-769	122	-42.36024	0.7170106	153.7348	0	10.94	24428	0	0	5	5	0.02	-0.1995354	1	10	0.08	2800	148.1291	40.92394	-91.39368
332748	2748	-769	122	-42.36024	0.7170106	153.7348	0	10.94	24428	0	0	5	5	0.02	-0.1995354	1	10	0.08	2800	148.1291	40.92394	-91.39368
332838	2748	-769	122	-42.36024	0.7170106	153.7348	0	10.94	24428	0	0	5	5	0.02	-0.1995354	1	10	0.08	2800	148.1291	40.92394	-91.39368
332928	2748	-769	122	-42.36024	0.7170106	153.7348	0	10.94	24428	0	0	5	5	0.02	-0.1995354	1	10	0.08	2800	148.1291	40.92394	-91.39368
333004	2748	-769	122	-42.36024	0.7170106	153.7348	0	10.94	24428	0	0	5	5	0.02	-0.1995354	1	10	0.08	2800	148.1291	40.92394	-91.39368
333091	2748	-769	122	-42.36024	0.7170106	153.7348	0	10.94	24428	0	0	5	5	0.02	-0.1995354	1	10	0.08	2800	148.1291	40.92394	-91.39368
333177	2748	-769	122	-42.36024	0.7170106	153.7348	0	10.94	24428	0	0	5	5	0.02	-0.1995354	1	10	0.08	2800	148.1291	40.92394	-91.39368
333263	2748	-769	122	-42.36024	0.7170106	153.7348	0	10.94	24428	0	0	5	5	0.02	-0.1995354	1	10	0.08	2800	148.1291	40.92394	-91.39368
333351	2748	-769	122	-42.36024	0.7170106	153.7348	0	10.94	24428	0	0	5	5	0.02	-0.1995354	1	10	0.08	2800	148.1291	40.92394	-91.39368
333438	2748	-769	122	-42.36024	0.7170106	153.7348	0	10.94	24428	0	0	5	5	0.02	-0.1995354	1	10	0.08	2800	148.1291	40.92394	-91.39368
333521	2748	-769	122	-42.36024	0.7170106	153.7348	0	10.94	24428	0	0	5	5	0.02	-0.1995354	1	10	0.08	2800	148.1291	40.92394	-91.39368
333604	2748	-769	122	-42.36024	0.7170106	153.7348	0	10.94	24428	0	0	5	5	0.02	-0.1995354	1	10	0.08	2800	148.1291	40.92394	-91.39368
333686	2748	-769	122	-42.36024	0.7170106	153.7348	0	10.94	24428	0	0	5	5	0.02	-0.1995354	1	10	0.08	2800	148.1291	40.92394	-91.39368
333769	2748	-769	122	-42.36024	0.7170106	153.7348	0	10.94	24428	0	0	5	5	0.02	-0.1995354	1	10	0.08	2800	148.1291	40.92394	-91.39368
333860	2748	-769	122	-42.36024	0.7170106	153.7348	0	10.94	24428	0	0	5	5	0.02	-0.1995354	1	10	0.08	2800	148.1291	40.92394	-91.39368
333948	2748	-769	122	-42.36024	0.7170106	153.7348	0	10.94	24428	0	0	5	5	0.02	-0.1995354	1	10	0.08	2800	148.1291	40.92394	-91.39368
334038	2748	-769	122	-42.36024	0.7170106	153.7348	0	10.94	24428	0	0	5	5	0.02	-0.1995354	1	10	0.08	2800	148.1291	40.92394	-91.39368
334128	2748	-769	122	-42.36024	0.7170106	153.7348	0	10.94	24428	0	0	5	5	0.02	-0.1995354	1	10	0.08	2800	148.1291	40.92394	-91.39368
334206	2748	-769	122	-42.36024	0.7170106	153.7348	0	10.94	24428	0	0	5	5	0.02	-0.1995354	1	10	0.08	2800	148.1291	40.92394	-91.39368
334294	2748	-769	122	-42.36024	0.7170106	153.7348	0	10.94	24428	0	0	5	5	0.02	-0.1995354	1	10	0.08	2800	148.1291	40.92394	-91.39368
334387	2748	-769	122	-42.36024	0.7170106	153.7348	0	10.94	24428	0	0	5	5	0.02	-0.1995354	1	10	0.08	2800	148.1291	40.92394	-91.39368
334480	2748	-769	122	-42.36024	0.7170106	153.7348	0	10.94	24428	0	0	5	5	0.02	-0.1995354	1	10	0.08	2800	148.1291	40.92394	-91.39368
334573	2748	-769	122	-42.36024	0.7170106	153.7348	0	10.94	24428	0	0	5	5	0.02	-0.1995354	1	10	0.08	2800	148.1291	40.92394	-91.39368
334666	2748	-769	122	-42.36024	0.7170106	153.7348	0	10.94	24428	0	0	5	5	0.02	-0.1995354	1	10	0.08	2800	148.1291	40.92394	-91.39368
334758	2748	-769	122	-42.36024	0.7170106	153.7348	0	10.94	24428	0	0	5	5	0.02	-0.1995354	1	10	0.08	2800	148.1291	40.92394	-91.39368
334851	2748	-769	122	-42.36024	0.7170106	153.7348	0	10.94	24428	0	0	5	5	0.02	-0.1995354	1	10	0.08	2800	148.1291	40.92394	-91.39368
334944	2748	-769	122	-42.36024	0.7170106	153.7348	0	10.94	24428	0	0	5	5	0.02	-0.1995354	1	10	0.08	2800	148.1291	40.92394	-91.39368
335036	2748	-769	122	-42.36024	0.7170106	153.7348	0	10.94	24428	0	0	5	5	0.02	-0.1995354	1	10	0.08	2800	148.1291	40.92394	-91.39368
335129	2748	-769	122	-42.36024	0.7170106	153.7348	0	10.94	24428	0	0	5	5	0.02	-0.1995354	1	10	0.08	2800	148.1291	40.92394	-91.39368
335221	2748	-769	122	-42.36024	0.7170106	153.7348	0	10.94	24428	0	0	5	5	0.02	-0.1995354	1	10	0.08	2800	148.1291	40.92394	-91.39368
335314	2748	-769	122	-42.36024	0.7170106	153.7348	0	10.94	24428	0	0	5	5	0.02	-0.1995354	1	10	0.08	2800	148.1291	40.92394	-91.39368
335407	2748	-769	122	-42.36024	0.7170106	153.7348	0	10.94	24428	0	0	5	5	0.02	-0.1995354	1	10	0.08	2800	148.1291	40.92394	-91.39368
335500	2748	-769	122	-42.36024	0.7170106	153.7348	0	10.94	24428	0	0	5	5	0.02	-0.1995354	1	10	0.08	2800	148.1291	40.92394	-91.39368
335583	2748	-769	122	-42.36024	0.7170106	153.7348	0	10.94	24428	0	0	5	5	0.02	-0.1995354	1	10	0.08	2800	148.1291	40.92394	-91.39368
335676	2748	-769	122	-42.36024	0.7170106	153.7348	0	10.94	24428	0	0	5	5	0.02	-0.1995354	1	10	0.08	2800	148.1291	40.92394	-91.39368
335769	2748	-769	122	-42.36024	0.7170106	153.7348	0	10.94	24428	0	0	5	5	0.02	-0.1995354	1	10	0.08	2800	148.1291	40.92394	-91.39368
335861	2748	-769	122	-42.36024	0.7170106	153.7348	0	10.94	24428	0	0	5	5	0.02	-0.1995354	1	10	0.08	2800	148.1291	40.92394	-91.39368
335954	2748	-769	122	-42.36024	0.7170106	153.7348	0	10.94	24428	0	0	5	5	0.02	-0.1995354	1	10	0.08	2800	148.1291	40.92394	-91.39368
336043	2748	-769	122	-42.36024	0.7170106	153.7348	0	10.94	24428	0	0	5	5	0.02	-0.1995354	1	10	0.08	2800	148.1291	40.92394	-91.39368
336132	2748	-769	122	-42.36024	0.7170106	153.7348	0	10.94	24428	0	0	5	5	0.02	-0.1995354	1	10	0.08	2800	148.1291	40.92394	-91.39368
336223	2748	-769	122	-42.36024	0.7170106	153.7348	0	10.94	24428	0	0	5	5	0.02	-0.1995354	1	10	0.08	2800	148.1291	40.92394	-91.39368
336313	2748	-769	122	-42.36024	0.7170106	153.7348	0	10.94	24428	0	0	5	5	0.02	-0.1995354	1	10	0.08	2800	148.1291	40.92394	-91.39368
336403	2748	-769	122	-42.36024	0.7170106	153.7348	0	10.94	24428	0	0	5	5	0.02	-0.1995354	1	10	0.08	2800	148.1291	40.92394	-91.39368
336493	2748	-769	122	-42.36024	0.7170106	153.7348	0	10.94	24428	0	0	5	5	0.02	-0.1995354	1	10	0.08	2800	148.1291	40.92394	-91.39368
336583	2748	-769	122	-42.36024	0.7170106	153.7348	0	10.94	24428	0	0	5	5	0.02	-0.1995354	1	10	0.08	2800	148.1291	40.92394	-91.39368
336666	2748	-769	122	-42.36024	0.7170106	153.7348	0	10.94	24428	0	0	5	5	0.02	-0.1995354	1	10	0.08	2800	148.1291	40.92394	-91.39368
336755	2748	-769	122	-42.36024	0.7170106	153.7348	0	10.94	24428	0	0	5	5	0.02	-0.1995354	1	10	0.08	2800	148.1291	40.92394	-91.39368
336845	2748	-769	122	-42.36024	0.7170106	153.7348	0	10.94	24428	0	0	5	5	0.02	-0.1995354	1	10	0.08	2800	148.1291	40.92394	-91.39368
336925	2748	-769	122	-42.36024	0.7170106	153.7348	0	10.94	24428	0	0	5	5	0.02	-0.1995354	1	10	0.08	2800	148.1291	40.92394	-91.39368
337015	2748	-769	122	-42.36024	0.7170106	153.7348	0	10.94	24428	0	0	5	5	0.02	-0.1995354	1	10	0.08	2800	148.1291	40.92394	-91.39368
337105	2748	-769	122	-42.36024	0.7170106	153.7348	0	10.94	24428	0	0	5	5	0.02	-0.1995354	1	10	0.08	2800	148.1291	40.92394	-91.39368
337198	2748	-769	122	-42.36024	0.7170106	153.7348	0	10.94	24428	0	0	5	5	0.02	-0.1995354	1	10	0.08	2800	148.1291	40.92394	-91.39368
337291	2748	-769	122	-42.36024	0.7170106	153.7348	0	10.94	24428	0	0	5	5	0.02	-0.1995354	1	10	0.08	2800	148.1291	40.92394	-91.39368
337384	2748	-769	122	-42.36024	0.7170106	153.7348	0	10.94	24428	0	0	5	5	0.02	-0.1995354	1	10	0.08	2800	148.1291	40.92394	-91.39368
337477	2748	-769	122	-42.36024	0.7170106	153.7348	0	10.94	24428	0	0	5	5	0.02	-0.1995354	1	10	0.08	2800	148.1291	40.92394	-91.39368
337570	2748	-769	122	-42.36024	0.7170106	153.7348	0	10.94	24428	0	0	5	5	0.02	-0.1995354	1	10	0.08	2800	148.1291	40.92394	-91.39368
337663	2748	-769	122	-42.36024	0.7170106	153.7348	0	10.94	24428	0	0	5	5	0.02	-0.1995354	1	10	0.08	2800	148.1291	40.92394	-91.39368
337756	2748	-769	122	-42.36024	0.7170106	153.7348	0	10.94	24428	0	0	5	5	0.02	-0.1995354	1	10	0.08	2800	148.1291	40.92394	-91.39368
337849	2748	-769	122	-42.36024	0.7170106	153.7348	0	10.94	24428	0	0	5	5	0.02	-0.1995354	1	10	0.08	2800	148.1291	40.92394	-91.39368
337942	2748	-769	122	-42.36024	0.7170106	153.7348	0	10.94	24428	0	0	5	5	0.02	-0.1995354	1	10	0.08	2800	148.1291	40.92394	-91.39368
338035	2748	-769	122	-42.36024	0.7170106	153.7348	0	10.94	24428	0	0	5	5	0.02	-0.1995354	1	10	0.08	2800	148.1291	40.92394	-91.39368
