time(ms)	gyro_x(deg/s)	gyro_y(deg/s)	gyro_z(deg/s)	orientation_roll(deg)	orientation_pitch(deg)	orientation_yaw(deg)	throttle	battery(V)	loop_time(uS)	pid_output_roll	pid_output_pitch	pid_output_yaw	pid_output_throttle	ultrasonic_alt	baro_alt	flight_mode	p_gain_altitude	i_gain_altitude	d_gain_altitude	compass_heading	latitude	longitude
284257	2748	-769	122	-42.36024	0.7170106	153.7348	0	10.94	24428	0	0	5	5	0.02	-0.1995354	1	10	0.08	2800	148.1291	40.92394	-91.39368
284352	2748	-769	122	-42.36024	0.7170106	153.7348	0	10.94	24428	0	0	5	5	0.02	-0.1995354	1	10	0.08	2800	148.1291	40.92394	-91.39368
284447	2748	-769	122	-42.36024	0.7170106	153.7348	0	10.94	24428	0	0	5	5	0.02	-0.1995354	1	10	0.08	2800	148.1291	40.92394	-91.39368
284542	2748	-769	122	-42.36024	0.7170106	153.7348	0	10.94	24428	0	0	5	5	0.02	-0.1995354	1	10	0.08	2800	148.1291	40.92394	-91.39368
284638	2748	-769	122	-42.36024	0.7170106	153.7348	0	10.94	24428	0	0	5	5	0.02	-0.1995354	1	10	0.08	2800	148.1291	40.92394	-91.39368
284733	2748	-769	122	-42.36024	0.7170106	153.7348	0	10.94	24428	0	0	5	5	0.02	-0.1995354	1	10	0.08	2800	148.1291	40.92394	-91.39368
284828	2748	-769	122	-42.36024	0.7170106	153.7348	0	10.94	24428	0	0	5	5	0.02	-0.1995354	1	10	0.08	2800	148.1291	40.92394	-91.39368
284923	2748	-769	122	-42.36024	0.7170106	153.7348	0	10.94	24428	0	0	5	5	0.02	-0.1995354	1	10	0.08	2800	148.1291	40.92394	-91.39368
285018	2748	-769	122	-42.36024	0.7170106	153.7348	0	10.94	24428	0	0	5	5	0.02	-0.1995354	1	10	0.08	2800	148.1291	40.92394	-91.39368
285113	2748	-769	122	-42.36024	0.7170106	153.7348	0	10.94	24428	0	0	5	5	0.02	-0.1995354	1	10	0.08	2800	148.1291	40.92394	-91.39368
285208	2748	-769	122	-42.36024	0.7170106	153.7348	0	10.94	24428	0	0	5	5	0.02	-0.1995354	1	10	0.08	2800	148.1291	40.92394	-91.39368
285302	2748	-769	122	-42.36024	0.7170106	153.7348	0	10.94	24428	0	0	5	5	0.02	-0.1995354	1	10	0.08	2800	148.1291	40.92394	-91.39368
285397	2748	-769	122	-42.36024	0.7170106	153.7348	0	10.94	24428	0	0	5	5	0.02	-0.1995354	1	10	0.08	2800	148.1291	40.92394	-91.39368
285489	2748	-769	122	-42.36024	0.7170106	153.7348	0	10.94	24428	0	0	5	5	0.02	-0.1995354	1	10	0.08	2800	148.1291	40.92394	-91.39368
285583	2748	-769	122	-42.36024	0.7170106	153.7348	0	10.94	24428	0	0	5	5	0.02	-0.1995354	1	10	0.08	2800	148.1291	40.92394	-91.39368
285667	2748	-769	122	-42.36024	0.7170106	153.7348	0	10.94	24428	0	0	5	5	0.02	-0.1995354	1	10	0.08	2800	148.1291	40.92394	-91.39368
285761	2748	-769	122	-42.36024	0.7170106	153.7348	0	10.94	24428	0	0	5	5	0.02	-0.1995354	1	10	0.08	2800	148.1291	40.92394	-91.39368
285851	2748	-769	122	-42.36024	0.7170106	153.7348	0	10.94	24428	0	0	5	5	0.02	-0.1995354	1	10	0.08	2800	148.1291	40.92394	-91.39368
285945	2748	-769	122	-42.36024	0.7170106	153.7348	0	10.94	24428	0	0	5	5	0.02	-0.1995354	1	10	0.08	2800	148.1291	40.92394	-91.39368
286039	2748	-769	122	-42.36024	0.7170106	153.7348	0	10.94	24428	0	0	5	5	0.02	-0.1995354	1	10	0.08	2800	148.1291	40.92394	-91.39368
286133	2748	-769	122	-42.36024	0.7170106	153.7348	0	10.94	24428	0	0	5	5	0.02	-0.1995354	1	10	0.08	2800	148.1291	40.92394	-91.39368
286227	2748	-769	122	-42.36024	0.7170106	153.7348	0	10.94	24428	0	0	5	5	0.02	-0.1995354	1	10	0.08	2800	148.1291	40.92394	-91.39368
286321	2748	-769	122	-42.36024	0.7170106	153.7348	0	10.94	24428	0	0	5	5	0.02	-0.1995354	1	10	0.08	2800	148.1291	40.92394	-91.39368
286414	2748	-769	122	-42.36024	0.7170106	153.7348	0	10.94	24428	0	0	5	5	0.02	-0.1995354	1	10	0.08	2800	148.1291	40.92394	-91.39368
286507	2748	-769	122	-42.36024	0.7170106	153.7348	0	10.94	24428	0	0	5	5	0.02	-0.1995354	1	10	0.08	2800	148.1291	40.92394	-91.39368
286600	2748	-769	122	-42.36024	0.7170106	153.7348	0	10.94	24428	0	0	5	5	0.02	-0.1995354	1	10	0.08	2800	148.1291	40.92394	-91.39368
286693	2748	-769	122	-42.36024	0.7170106	153.7348	0	10.94	24428	0	0	5	5	0.02	-0.1995354	1	10	0.08	2800	148.1291	40.92394	-91.39368
286786	2748	-769	122	-42.36024	0.7170106	153.7348	0	10.94	24428	0	0	5	5	0.02	-0.1995354	1	10	0.08	2800	148.1291	40.92394	-91.39368
286879	2748	-769	122	-42.36024	0.7170106	153.7348	0	10.94	24428	0	0	5	5	0.02	-0.1995354	1	10	0.08	2800	148.1291	40.92394	-91.39368
286962	2748	-769	122	-42.36024	0.7170106	153.7348	0	10.94	24428	0	0	5	5	0.02	-0.1995354	1	10	0.08	2800	148.1291	40.92394	-91.39368
287055	2748	-769	122	-42.36024	0.7170106	153.7348	0	10.94	24428	0	0	5	5	0.02	-0.1995354	1	10	0.08	2800	148.1291	40.92394	-91.39368
287148	2748	-769	122	-42.36024	0.7170106	153.7348	0	10.94	24428	0	0	5	5	0.02	-0.1995354	1	10	0.08	2800	148.1291	40.92394	-91.39368
287241	2748	-769	122	-42.36024	0.7170106	153.7348	0	10.94	24428	0	0	5	5	0.02	-0.1995354	1	10	0.08	2800	148.1291	40.92394	-91.39368
287332	2748	-769	122	-42.36024	0.7170106	153.7348	0	10.94	24428	0	0	5	5	0.02	-0.1995354	1	10	0.08	2800	148.1291	40.92394	-91.39368
287425	2748	-769	122	-42.36024	0.7170106	153.7348	0	10.94	24428	0	0	5	5	0.02	-0.1995354	1	10	0.08	2800	148.1291	40.92394	-91.39368
287517	2748	-769	122	-42.36024	0.7170106	153.7348	0	10.94	24428	0	0	5	5	0.02	-0.1995354	1	10	0.08	2800	148.1291	40.92394	-91.39368
287609	2748	-769	122	-42.36024	0.7170106	153.7348	0	10.94	24428	0	0	5	5	0.02	-0.1995354	1	10	0.08	2800	148.1291	40.92394	-91.39368
287703	2748	-769	122	-42.36024	0.7170106	153.7348	0	10.94	24428	0	0	5	5	0.02	-0.1995354	1	10	0.08	2800	148.1291	40.92394	-91.39368
287795	2748	-769	122	-42.36024	0.7170106	153.7348	0	10.94	24428	0	0	5	5	0.02	-0.1995354	1	10	0.08	2800	148.1291	40.92394	-91.39368
287887	2748	-769	122	-42.36024	0.7170106	153.7348	0	10.94	24428	0	0	5	5	0.02	-0.1995354	1	10	0.08	2800	148.1291	40.92394	-91.39368
287979	2748	-769	122	-42.36024	0.7170106	153.7348	0	10.94	24428	0	0	5	5	0.02	-0.1995354	1	10	0.08	2800	148.1291	40.92394	-91.39368
288071	2748	-769	122	-42.36024	0.7170106	153.7348	0	10.94	24428	0	0	5	5	0.02	-0.1995354	1	10	0.08	2800	148.1291	40.92394	-91.39368
288163	2748	-769	122	-42.36024	0.7170106	153.7348	0	10.94	24428	0	0	5	5	0.02	-0.1995354	1	10	0.08	2800	148.1291	40.92394	-91.39368
288254	2748	-769	122	-42.36024	0.7170106	153.7348	0	10.94	24428	0	0	5	5	0.02	-0.1995354	1	10	0.08	2800	148.1291	40.92394	-91.39368
288335	2748	-769	122	-42.36024	0.7170106	153.7348	0	10.94	24428	0	0	5	5	0.02	-0.1995354	1	10	0.08	2800	148.1291	40.92394	-91.39368
288426	2748	-769	122	-42.36024	0.7170106	153.7348	0	10.94	24428	0	0	5	5	0.02	-0.1995354	1	10	0.08	2800	148.1291	40.92394	-91.39368
288517	2748	-769	122	-42.36024	0.7170106	153.7348	0	10.94	24428	0	0	5	5	0.02	-0.1995354	1	10	0.08	2800	148.1291	40.92394	-91.39368
288607	2748	-769	122	-42.36024	0.7170106	153.7348	0	10.94	24428	0	0	5	5	0.02	-0.1995354	1	10	0.08	2800	148.1291	40.92394	-91.39368
288698	2748	-769	122	-42.36024	0.7170106	153.7348	0	10.94	24428	0	0	5	5	0.02	-0.1995354	1	10	0.08	2800	148.1291	40.92394	-91.39368
288788	2748	-769	122	-42.36024	0.7170106	153.7348	0	10.94	24428	0	0	5	5	0.02	-0.1995354	1	10	0.08	2800	148.1291	40.92394	-91.39368
288879	2748	-769	122	-42.36024	0.7170106	153.7348	0	10.94	24428	0	0	5	5	0.02	-0.1995354	1	10	0.08	2800	148.1291	40.92394	-91.39368
288969	2748	-769	122	-42.36024	0.7170106	153.7348	0	10.94	24428	0	0	5	5	0.02	-0.1995354	1	10	0.08	2800	148.1291	40.92394	-91.39368
289060	2748	-769	122	-42.36024	0.7170106	153.7348	0	10.94	24428	0	0	5	5	0.02	-0.1995354	1	10	0.08	2800	148.1291	40.92394	-91.39368
289151	2748	-769	122	-42.36024	0.7170106	153.7348	0	10.94	24428	0	0	5	5	0.02	-0.1995354	1	10	0.08	2800	148.1291	40.92394	-91.39368
289242	2748	-769	122	-42.36024	0.7170106	153.7348	0	10.94	24428	0	0	5	5	0.02	-0.1995354	1	10	0.08	2800	148.1291	40.92394	-91.39368
289334	2748	-769	122	-42.36024	0.7170106	153.7348	0	10.94	24428	0	0	5	5	0.02	-0.1995354	1	10	0.08	2800	148.1291	40.92394	-91.39368
289426	2748	-769	122	-42.36024	0.7170106	153.7348	0	10.94	24428	0	0	5	5	0.02	-0.1995354	1	10	0.08	2800	148.1291	40.92394	-91.39368
289518	2748	-769	122	-42.36024	0.7170106	153.7348	0	10.94	24428	0	0	5	5	0.02	-0.1995354	1	10	0.08	2800	148.1291	40.92394	-91.39368
289600	2748	-769	122	-42.36024	0.7170106	153.7348	0	10.94	24428	0	0	5	5	0.02	-0.1995354	1	10	0.08	2800	148.1291	40.92394	-91.39368
289692	2748	-769	122	-42.36024	0.7170106	153.7348	0	10.94	24428	0	0	5	5	0.02	-0.1995354	1	10	0.08	2800	148.1291	40.92394	-91.39368
289784	2748	-769	122	-42.36024	0.7170106	153.7348	0	10.94	24428	0	0	5	5	0.02	-0.1995354	1	10	0.08	2800	148.1291	40.92394	-91.39368
289877	2748	-769	122	-42.36024	0.7170106	153.7348	0	10.94	24428	0	0	5	5	0.02	-0.1995354	1	10	0.08	2800	148.1291	40.92394	-91.39368
289970	2748	-769	122	-42.36024	0.7170106	153.7348	0	10.94	24428	0	0	5	5	0.02	-0.1995354	1	10	0.08	2800	148.1291	40.92394	-91.39368
290062	2748	-769	122	-42.36024	0.7170106	153.7348	0	10.94	24428	0	0	5	5	0.02	-0.1995354	1	10	0.08	2800	148.1291	40.92394	-91.39368
290155	2748	-769	122	-42.36024	0.7170106	153.7348	0	10.94	24428	0	0	5	5	0.02	-0.1995354	1	10	0.08	2800	148.1291	40.92394	-91.39368
290248	2748	-769	122	-42.36024	0.7170106	153.7348	0	10.94	24428	0	0	5	5	0.02	-0.1995354	1	10	0.08	2800	148.1291	40.92394	-91.39368
290340	2748	-769	122	-42.36024	0.7170106	153.7348	0	10.94	24428	0	0	5	5	0.02	-0.1995354	1	10	0.08	2800	148.1291	40.92394	-91.39368
290432	2748	-769	122	-42.36024	0.7170106	153.7348	0	10.94	24428	0	0	5	5	0.02	-0.1995354	1	10	0.08	2800	148.1291	40.92394	-91.39368
290524	2748	-769	122	-42.36024	0.7170106	153.7348	0	10.94	24428	0	0	5	5	0.02	-0.1995354	1	10	0.08	2800	148.1291	40.92394	-91.39368
290616	2748	-769	122	-42.36024	0.7170106	153.7348	0	10.94	24428	0	0	5	5	0.02	-0.1995354	1	10	0.08	2800	148.1291	40.92394	-91.39368
290708	2748	-769	122	-42.36024	0.7170106	153.7348	0	10.94	24428	0	0	5	5	0.02	-0.1995354	1	10	0.08	2800	148.1291	40.92394	-91.39368
290800	2748	-769	122	-42.36024	0.7170106	153.7348	0	10.94	24428	0	0	5	5	0.02	-0.1995354	1	10	0.08	2800	148.1291	40.92394	-91.39368
290882	2748	-769	122	-42.36024	0.7170106	153.7348	0	10.94	24428	0	0	5	5	0.02	-0.1995354	1	10	0.08	2800	148.1291	40.92394	-91.39368
290972	2748	-769	122	-42.36024	0.7170106	153.7348	0	10.94	24428	0	0	5	5	0.02	-0.1995354	1	10	0.08	2800	148.1291	40.92394	-91.39368
291064	2748	-769	122	-42.36024	0.7170106	153.7348	0	10.94	24428	0	0	5	5	0.02	-0.1995354	1	10	0.08	2800	148.1291	40.92394	-91.39368
291154	2748	-769	122	-42.36024	0.7170106	153.7348	0	10.94	24428	0	0	5	5	0.02	-0.1995354	1	10	0.08	2800	148.1291	40.92394	-91.39368
291245	2748	-769	122	-42.36024	0.7170106	153.7348	0	10.94	24428	0	0	5	5	0.02	-0.1995354	1	10	0.08	2800	148.1291	40.92394	-91.39368
291336	2748	-769	122	-42.36024	0.7170106	153.7348	0	10.94	24428	0	0	5	5	0.02	-0.1995354	1	10	0.08	2800	148.1291	40.92394	-91.39368
291427	2748	-769	122	-42.36024	0.7170106	153.7348	0	10.94	24428	0	0	5	5	0.02	-0.1995354	1	10	0.08	2800	148.1291	40.92394	-91.39368
291516	2748	-769	122	-42.36024	0.7170106	153.7348	0	10.94	24428	0	0	5	5	0.02	-0.1995354	1	10	0.08	2800	148.1291	40.92394	-91.39368
291605	2748	-769	122	-42.36024	0.7170106	153.7348	0	10.94	24428	0	0	5	5	0.02	-0.1995354	1	10	0.08	2800	148.1291	40.92394	-91.39368
291694	2748	-769	122	-42.36024	0.7170106	153.7348	0	10.94	24428	0	0	5	5	0.02	-0.1995354	1	10	0.08	2800	148.1291	40.92394	-91.39368
291786	2748	-769	122	-42.36024	0.7170106	153.7348	0	10.94	24428	0	0	5	5	0.02	-0.1995354	1	10	0.08	2800	148.1291	40.92394	-91.39368
291875	2748	-769	122	-42.36024	0.7170106	153.7348	0	10.94	24428	0	0	5	5	0.02	-0.1995354	1	10	0.08	2800	148.1291	40.92394	-91.39368
291964	2748	-769	122	-42.36024	0.7170106	153.7348	0	10.94	24428	0	0	5	5	0.02	-0.1995354	1	10	0.08	2800	148.1291	40.92394	-91.39368
292053	2748	-769	122	-42.36024	0.7170106	153.7348	0	10.94	24428	0	0	5	5	0.02	-0.1995354	1	10	0.08	2800	148.1291	40.92394	-91.39368
292142	2748	-769	122	-42.36024	0.7170106	153.7348	0	10.94	24428	0	0	5	5	0.02	-0.1995354	1	10	0.08	2800	148.1291	40.92394	-91.39368
292221	2748	-769	122	-42.36024	0.7170106	153.7348	0	10.94	24428	0	0	5	5	0.02	-0.1995354	1	10	0.08	2800	148.1291	40.92394	-91.39368
292310	2748	-769	122	-42.36024	0.7170106	153.7348	0	10.94	24428	0	0	5	5	0.02	-0.1995354	1	10	0.08	2800	148.1291	40.92394	-91.39368
292401	2748	-769	122	-42.36024	0.7170106	153.7348	0	10.94	24428	0	0	5	5	0.02	-0.1995354	1	10	0.08	2800	148.1291	40.92394	-91.39368
292494	2748	-769	122	-42.36024	0.7170106	153.7348	0	10.94	24428	0	0	5	5	0.02	-0.1995354	1	10	0.08	2800	148.1291	40.92394	-91.39368
292586	2748	-769	122	-42.36024	0.7170106	153.7348	0	10.94	24428	0	0	5	5	0.02	-0.1995354	1	10	0.08	2800	148.1291	40.92394	-91.39368
292680	2748	-769	122	-42.36024	0.7170106	153.7348	0	10.94	24428	0	0	5	5	0.02	-0.1995354	1	10	0.08	2800	148.1291	40.92394	-91.39368
292772	2748	-769	122	-42.36024	0.7170106	153.7348	0	10.94	24428	0	0	5	5	0.02	-0.1995354	1	10	0.08	2800	148.1291	40.92394	-91.39368
292861	2748	-769	122	-42.36024	0.7170106	153.7348	0	10.94	24428	0	0	5	5	0.02	-0.1995354	1	10	0.08	2800	148.1291	40.92394	-91.39368
292949	2748	-769	122	-42.36024	0.7170106	153.7348	0	10.94	24428	0	0	5	5	0.02	-0.1995354	1	10	0.08	2800	148.1291	40.92394	-91.39368
293038	2748	-769	122	-42.36024	0.7170106	153.7348	0	10.94	24428	0	0	5	5	0.02	-0.1995354	1	10	0.08	2800	148.1291	40.92394	-91.39368
293127	2748	-769	122	-42.36024	0.7170106	153.7348	0	10.94	24428	0	0	5	5	0.02	-0.1995354	1	10	0.08	2800	148.1291	40.92394	-91.39368
293215	2748	-769	122	-42.36024	0.7170106	153.7348	0	10.94	24428	0	0	5	5	0.02	-0.1995354	1	10	0.08	2800	148.1291	40.92394	-91.39368
293304	2748	-769	122	-42.36024	0.7170106	153.7348	0	10.94	24428	0	0	5	5	0.02	-0.1995354	1	10	0.08	2800	148.1291	40.92394	-91.39368
293392	2748	-769	122	-42.36024	0.7170106	153.7348	0	10.94	24428	0	0	5	5	0.02	-0.1995354	1	10	0.08	2800	148.1291	40.92394	-91.39368
293471	2748	-769	122	-42.36024	0.7170106	153.7348	0	10.94	24428	0	0	5	5	0.02	-0.1995354	1	10	0.08	2800	148.1291	40.92394	-91.39368
293560	2748	-769	122	-42.36024	0.7170106	153.7348	0	10.94	24428	0	0	5	5	0.02	-0.1995354	1	10	0.08	2800	148.1291	40.92394	-91.39368
293652	2748	-769	122	-42.36024	0.7170106	153.7348	0	10.94	24428	0	0	5	5	0.02	-0.1995354	1	10	0.08	2800	148.1291	40.92394	-91.39368
293741	2748	-769	122	-42.36024	0.7170106	153.7348	0	10.94	24428	0	0	5	5	0.02	-0.1995354	1	10	0.08	2800	148.1291	40.92394	-91.39368
293831	2748	-769	122	-42.36024	0.7170106	153.7348	0	10.94	24428	0	0	5	5	0.02	-0.1995354	1	10	0.08	2800	148.1291	40.92394	-91.39368
293923	2748	-769	122	-42.36024	0.7170106	153.7348	0	10.94	24428	0	0	5	5	0.02	-0.1995354	1	10	0.08	2800	148.1291	40.92394	-91.39368
294015	2748	-769	122	-42.36024	0.7170106	153.7348	0	10.94	24428	0	0	5	5	0.02	-0.1995354	1	10	0.08	2800	148.1291	40.92394	-91.39368
294107	2748	-769	122	-42.36024	0.7170106	153.7348	0	10.94	24428	0	0	5	5	0.02	-0.1995354	1	10	0.08	2800	148.1291	40.92394	-91.39368
294198	2748	-769	122	-42.36024	0.7170106	153.7348	0	10.94	24428	0	0	5	5	0.02	-0.1995354	1	10	0.08	2800	148.1291	40.92394	-91.39368
294290	2748	-769	122	-42.36024	0.7170106	153.7348	0	10.94	24428	0	0	5	5	0.02	-0.1995354	1	10	0.08	2800	148.1291	40.92394	-91.39368
294381	2748	-769	122	-42.36024	0.7170106	153.7348	0	10.94	24428	0	0	5	5	0.02	-0.1995354	1	10	0.08	2800	148.1291	40.92394	-91.39368
294473	2748	-769	122	-42.36024	0.7170106	153.7348	0	10.94	24428	0	0	5	5	0.02	-0.1995354	1	10	0.08	2800	148.1291	40.92394	-91.39368
294565	2748	-769	122	-42.36024	0.7170106	153.7348	0	10.94	24428	0	0	5	5	0.02	-0.1995354	1	10	0.08	2800	148.1291	40.92394	-91.39368
294657	2748	-769	122	-42.36024	0.7170106	153.7348	0	10.94	24428	0	0	5	5	0.02	-0.1995354	1	10	0.08	2800	148.1291	40.92394	-91.39368
294749	2748	-769	122	-42.36024	0.7170106	153.7348	0	10.94	24428	0	0	5	5	0.02	-0.1995354	1	10	0.08	2800	148.1291	40.92394	-91.39368
294841	2748	-769	122	-42.36024	0.7170106	153.7348	0	10.94	24428	0	0	5	5	0.02	-0.1995354	1	10	0.08	2800	148.1291	40.92394	-91.39368
294922	2748	-769	122	-42.36024	0.7170106	153.7348	0	10.94	24428	0	0	5	5	0.02	-0.1995354	1	10	0.08	2800	148.1291	40.92394	-91.39368
295013	2748	-769	122	-42.36024	0.7170106	153.7348	0	10.94	24428	0	0	5	5	0.02	-0.1995354	1	10	0.08	2800	148.1291	40.92394	-91.39368
295105	2748	-769	122	-42.36024	0.7170106	153.7348	0	10.94	24428	0	0	5	5	0.02	-0.1995354	1	10	0.08	2800	148.1291	40.92394	-91.39368
295195	2748	-769	122	-42.36024	0.7170106	153.7348	0	10.94	24428	0	0	5	5	0.02	-0.1995354	1	10	0.08	2800	148.1291	40.92394	-91.39368
295283	2748	-769	122	-42.36024	0.7170106	153.7348	0	10.94	24428	0	0	5	5	0.02	-0.1995354	1	10	0.08	2800	148.1291	40.92394	-91.39368
295373	2748	-769	122	-42.36024	0.7170106	153.7348	0	10.94	24428	0	0	5	5	0.02	-0.1995354	1	10	0.08	2800	148.1291	40.92394	-91.39368
295464	2748	-769	122	-42.36024	0.7170106	153.7348	0	10.94	24428	0	0	5	5	0.02	-0.1995354	1	10	0.08	2800	148.1291	40.92394	-91.39368
295555	2748	-769	122	-42.36024	0.7170106	153.7348	0	10.94	24428	0	0	5	5	0.02	-0.1995354	1	10	0.08	2800	148.1291	40.92394	-91.39368
295644	2748	-769	122	-42.36024	0.7170106	153.7348	0	10.94	24428	0	0	5	5	0.02	-0.1995354	1	10	0.08	2800	148.1291	40.92394	-91.39368
295734	2748	-769	122	-42.36024	0.7170106	153.7348	0	10.94	24428	0	0	5	5	0.02	-0.1995354	1	10	0.08	2800	148.1291	40.92394	-91.39368
295824	2748	-769	122	-42.36024	0.7170106	153.7348	0	10.94	24428	0	0	5	5	0.02	-0.1995354	1	10	0.08	2800	148.1291	40.92394	-91.39368
295911	2748	-769	122	-42.36024	0.7170106	153.7348	0	10.94	24428	0	0	5	5	0.02	-0.1995354	1	10	0.08	2800	148.1291	40.92394	-91.39368
295997	2748	-769	122	-42.36024	0.7170106	153.7348	0	10.94	24428	0	0	5	5	0.02	-0.1995354	1	10	0.08	2800	148.1291	40.92394	-91.39368
296083	2748	-769	122	-42.36024	0.7170106	153.7348	0	10.94	24428	0	0	5	5	0.02	-0.1995354	1	10	0.08	2800	148.1291	40.92394	-91.39368
296172	2748	-769	122	-42.36024	0.7170106	153.7348	0	10.94	24428	0	0	5	5	0.02	-0.1995354	1	10	0.08	2800	148.1291	40.92394	-91.39368
296251	2748	-769	122	-42.36024	0.7170106	153.7348	0	10.94	24428	0	0	5	5	0.02	-0.1995354	1	10	0.08	2800	148.1291	40.92394	-91.39368
296341	2748	-769	122	-42.36024	0.7170106	153.7348	0	10.94	24428	0	0	5	5	0.02	-0.1995354	1	10	0.08	2800	148.1291	40.92394	-91.39368
296430	2748	-769	122	-42.36024	0.7170106	153.7348	0	10.94	24428	0	0	5	5	0.02	-0.1995354	1	10	0.08	2800	148.1291	40.92394	-91.39368
296519	2748	-769	122	-42.36024	0.7170106	153.7348	0	10.94	24428	0	0	5	5	0.02	-0.1995354	1	10	0.08	2800	148.1291	40.92394	-91.39368
296606	2748	-769	122	-42.36024	0.7170106	153.7348	0	10.94	24428	0	0	5	5	0.02	-0.1995354	1	10	0.08	2800	148.1291	40.92394	-91.39368
296694	2748	-769	122	-42.36024	0.7170106	153.7348	0	10.94	24428	0	0	5	5	0.02	-0.1995354	1	10	0.08	2800	148.1291	40.92394	-91.39368
296784	2748	-769	122	-42.36024	0.7170106	153.7348	0	10.94	24428	0	0	5	5	0.02	-0.1995354	1	10	0.08	2800	148.1291	40.92394	-91.39368
296874	2748	-769	122	-42.36024	0.7170106	153.7348	0	10.94	24428	0	0	5	5	0.02	-0.1995354	1	10	0.08	2800	148.1291	40.92394	-91.39368
296963	2748	-769	122	-42.36024	0.7170106	153.7348	0	10.94	24428	0	0	5	5	0.02	-0.1995354	1	10	0.08	2800	148.1291	40.92394	-91.39368
297051	2748	-769	122	-42.36024	0.7170106	153.7348	0	10.94	24428	0	0	5	5	0.02	-0.1995354	1	10	0.08	2800	148.1291	40.92394	-91.39368
297137	2748	-769	122	-42.36024	0.7170106	153.7348	0	10.94	24428	0	0	5	5	0.02	-0.1995354	1	10	0.08	2800	148.1291	40.92394	-91.39368
297223	2748	-769	122	-42.36024	0.7170106	153.7348	0	10.94	24428	0	0	5	5	0.02	-0.1995354	1	10	0.08	2800	148.1291	40.92394	-91.39368
297310	2748	-769	122	-42.36024	0.7170106	153.7348	0	10.94	24428	0	0	5	5	0.02	-0.1995354	1	10	0.08	2800	148.1291	40.92394	-91.39368
297398	2748	-769	122	-42.36024	0.7170106	153.7348	0	10.94	24428	0	0	5	5	0.02	-0.1995354	1	10	0.08	2800	148.1291	40.92394	-91.39368
297473	2748	-769	122	-42.36024	0.7170106	153.7348	0	10.94	24428	0	0	5	5	0.02	-0.1995354	1	10	0.08	2800	148.1291	40.92394	-91.39368
297564	2748	-769	122	-42.36024	0.7170106	153.7348	0	10.94	24428	0	0	5	5	0.02	-0.1995354	1	10	0.08	2800	148.1291	40.92394	-91.39368
297653	2748	-769	122	-42.36024	0.7170106	153.7348	0	10.94	24428	0	0	5	5	0.02	-0.1995354	1	10	0.08	2800	148.1291	40.92394	-91.39368
297743	2748	-769	122	-42.36024	0.7170106	153.7348	0	10.94	24428	0	0	5	5	0.02	-0.1995354	1	10	0.08	2800	148.1291	40.92394	-91.39368
297834	2748	-769	122	-42.36024	0.7170106	153.7348	0	10.94	24428	0	0	5	5	0.02	-0.1995354	1	10	0.08	2800	148.1291	40.92394	-91.39368
297921	2748	-769	122	-42.36024	0.7170106	153.7348	0	10.94	24428	0	0	5	5	0.02	-0.1995354	1	10	0.08	2800	148.1291	40.92394	-91.39368
298007	2748	-769	122	-42.36024	0.7170106	153.7348	0	10.94	24428	0	0	5	5	0.02	-0.1995354	1	10	0.08	2800	148.1291	40.92394	-91.39368
298095	2748	-769	122	-42.36024	0.7170106	153.7348	0	10.94	24428	0	0	5	5	0.02	-0.1995354	1	10	0.08	2800	148.1291	40.92394	-91.39368
298183	2748	-769	122	-42.36024	0.7170106	153.7348	0	10.94	24428	0	0	5	5	0.02	-0.1995354	1	10	0.08	2800	148.1291	40.92394	-91.39368
298271	2748	-769	122	-42.36024	0.7170106	153.7348	0	10.94	24428	0	0	5	5	0.02	-0.1995354	1	10	0.08	2800	148.1291	40.92394	-91.39368
298359	2748	-769	122	-42.36024	0.7170106	153.7348	0	10.94	24428	0	0	5	5	0.02	-0.1995354	1	10	0.08	2800	148.1291	40.92394	-91.39368
298448	2748	-769	122	-42.36024	0.7170106	153.7348	0	10.94	24428	0	0	5	5	0.02	-0.1995354	1	10	0.08	2800	148.1291	40.92394	-91.39368
298537	2748	-769	122	-42.36024	0.7170106	153.7348	0	10.94	24428	0	0	5	5	0.02	-0.1995354	1	10	0.08	2800	148.1291	40.92394	-91.39368
298626	2748	-769	122	-42.36024	0.7170106	153.7348	0	10.94	24428	0	0	5	5	0.02	-0.1995354	1	10	0.08	2800	148.1291	40.92394	-91.39368
298714	2748	-769	122	-42.36024	0.7170106	153.7348	0	10.94	24428	0	0	5	5	0.02	-0.1995354	1	10	0.08	2800	148.1291	40.92394	-91.39368
298788	2748	-769	122	-42.36024	0.7170106	153.7348	0	10.94	24428	0	0	5	5	0.02	-0.1995354	1	10	0.08	2800	148.1291	40.92394	-91.39368
298872	2748	-769	122	-42.36024	0.7170106	153.7348	0	10.94	24428	0	0	5	5	0.02	-0.1995354	1	10	0.08	2800	148.1291	40.92394	-91.39368
298956	2748	-769	122	-42.36024	0.7170106	153.7348	0	10.94	24428	0	0	5	5	0.02	-0.1995354	1	10	0.08	2800	148.1291	40.92394	-91.39368
299042	2748	-769	122	-42.36024	0.7170106	153.7348	0	10.94	24428	0	0	5	5	0.02	-0.1995354	1	10	0.08	2800	148.1291	40.92394	-91.39368
299139	2748	-769	122	-42.36024	0.7170106	153.7348	0	10.94	24428	0	0	5	5	0.02	-0.1995354	1	10	0.08	2800	148.1291	40.92394	-91.39368
299226	2748	-769	122	-42.36024	0.7170106	153.7348	0	10.94	24428	0	0	5	5	0.02	-0.1995354	1	10	0.08	2800	148.1291	40.92394	-91.39368
299313	2748	-769	122	-42.36024	0.7170106	153.7348	0	10.94	24428	0	0	5	5	0.02	-0.1995354	1	10	0.08	2800	148.1291	40.92394	-91.39368
299404	2748	-769	122	-42.36024	0.7170106	153.7348	0	10.94	24428	0	0	5	5	0.02	-0.1995354	1	10	0.08	2800	148.1291	40.92394	-91.39368
299493	2748	-769	122	-42.36024	0.7170106	153.7348	0	10.94	24428	0	0	5	5	0.02	-0.1995354	1	10	0.08	2800	148.1291	40.92394	-91.39368
299583	2748	-769	122	-42.36024	0.7170106	153.7348	0	10.94	24428	0	0	5	5	0.02	-0.1995354	1	10	0.08	2800	148.1291	40.92394	-91.39368
299671	2748	-769	122	-42.36024	0.7170106	153.7348	0	10.94	24428	0	0	5	5	0.02	-0.1995354	1	10	0.08	2800	148.1291	40.92394	-91.39368
299760	2748	-769	122	-42.36024	0.7170106	153.7348	0	10.94	24428	0	0	5	5	0.02	-0.1995354	1	10	0.08	2800	148.1291	40.92394	-91.39368
299848	2748	-769	122	-42.36024	0.7170106	153.7348	0	10.94	24428	0	0	5	5	0.02	-0.1995354	1	10	0.08	2800	148.1291	40.92394	-91.39368
299936	2748	-769	122	-42.36024	0.7170106	153.7348	0	10.94	24428	0	0	5	5	0.02	-0.1995354	1	10	0.08	2800	148.1291	40.92394	-91.39368
300014	2748	-769	122	-42.36024	0.7170106	153.7348	0	10.94	24428	0	0	5	5	0.02	-0.1995354	1	10	0.08	2800	148.1291	40.92394	-91.39368
300102	2748	-769	122	-42.36024	0.7170106	153.7348	0	10.94	24428	0	0	5	5	0.02	-0.1995354	1	10	0.08	2800	148.1291	40.92394	-91.39368
300189	2748	-769	122	-42.36024	0.7170106	153.7348	0	10.94	24428	0	0	5	5	0.02	-0.1995354	1	10	0.08	2800	148.1291	40.92394	-91.39368
300278	2748	-769	122	-42.36024	0.7170106	153.7348	0	10.94	24428	0	0	5	5	0.02	-0.1995354	1	10	0.08	2800	148.1291	40.92394	-91.39368
300371	2748	-769	122	-42.36024	0.7170106	153.7348	0	10.94	24428	0	0	5	5	0.02	-0.1995354	1	10	0.08	2800	148.1291	40.92394	-91.39368
300465	2748	-769	122	-42.36024	0.7170106	153.7348	0	10.94	24428	0	0	5	5	0.02	-0.1995354	1	10	0.08	2800	148.1291	40.92394	-91.39368
300559	2748	-769	122	-42.36024	0.7170106	153.7348	0	10.94	24428	0	0	5	5	0.02	-0.1995354	1	10	0.08	2800	148.1291	40.92394	-91.39368
300652	2748	-769	122	-42.36024	0.7170106	153.7348	0	10.94	24428	0	0	5	5	0.02	-0.1995354	1	10	0.08	2800	148.1291	40.92394	-91.39368
300746	2748	-769	122	-42.36024	0.7170106	153.7348	0	10.94	24428	0	0	5	5	0.02	-0.1995354	1	10	0.08	2800	148.1291	40.92394	-91.39368
300840	2748	-769	122	-42.36024	0.7170106	153.7348	0	10.94	24428	0	0	5	5	0.02	-0.1995354	1	10	0.08	2800	148.1291	40.92394	-91.39368
300934	2748	-769	122	-42.36024	0.7170106	153.7348	0	10.94	24428	0	0	5	5	0.02	-0.1995354	1	10	0.08	2800	148.1291	40.92394	-91.39368
301022	2748	-769	122	-42.36024	0.7170106	153.7348	0	10.94	24428	0	0	5	5	0.02	-0.1995354	1	10	0.08	2800	148.1291	40.92394	-91.39368
301109	2748	-769	122	-42.36024	0.7170106	153.7348	0	10.94	24428	0	0	5	5	0.02	-0.1995354	1	10	0.08	2800	148.1291	40.92394	-91.39368
301195	2748	-769	122	-42.36024	0.7170106	153.7348	0	10.94	24428	0	0	5	5	0.02	-0.1995354	1	10	0.08	2800	148.1291	40.92394	-91.39368
301271	2748	-769	122	-42.36024	0.7170106	153.7348	0	10.94	24428	0	0	5	5	0.02	-0.1995354	1	10	0.08	2800	148.1291	40.92394	-91.39368
301360	2748	-769	122	-42.36024	0.7170106	153.7348	0	10.94	24428	0	0	5	5	0.02	-0.1995354	1	10	0.08	2800	148.1291	40.92394	-91.39368
301445	2748	-769	122	-42.36024	0.7170106	153.7348	0	10.94	24428	0	0	5	5	0.02	-0.1995354	1	10	0.08	2800	148.1291	40.92394	-91.39368
301533	2748	-769	122	-42.36024	0.7170106	153.7348	0	10.94	24428	0	0	5	5	0.02	-0.1995354	1	10	0.08	2800	148.1291	40.92394	-91.39368
301624	2748	-769	122	-42.36024	0.7170106	153.7348	0	10.94	24428	0	0	5	5	0.02	-0.1995354	1	10	0.08	2800	148.1291	40.92394	-91.39368
301714	2748	-769	122	-42.36024	0.7170106	153.7348	0	10.94	24428	0	0	5	5	0.02	-0.1995354	1	10	0.08	2800	148.1291	40.92394	-91.39368
301804	2748	-769	122	-42.36024	0.7170106	153.7348	0	10.94	24428	0	0	5	5	0.02	-0.1995354	1	10	0.08	2800	148.1291	40.92394	-91.39368
301893	2748	-769	122	-42.36024	0.7170106	153.7348	0	10.94	24428	0	0	5	5	0.02	-0.1995354	1	10	0.08	2800	148.1291	40.92394	-91.39368
301981	2748	-769	122	-42.36024	0.7170106	153.7348	0	10.94	24428	0	0	5	5	0.02	-0.1995354	1	10	0.08	2800	148.1291	40.92394	-91.39368
302070	2748	-769	122	-42.36024	0.7170106	153.7348	0	10.94	24428	0	0	5	5	0.02	-0.1995354	1	10	0.08	2800	148.1291	40.92394	-91.39368
302159	2748	-769	122	-42.36024	0.7170106	153.7348	0	10.94	24428	0	0	5	5	0.02	-0.1995354	1	10	0.08	2800	148.1291	40.92394	-91.39368
302248	2748	-769	122	-42.36024	0.7170106	153.7348	0	10.94	24428	0	0	5	5	0.02	-0.1995354	1	10	0.08	2800	148.1291	40.92394	-91.39368
302337	2748	-769	122	-42.36024	0.7170106	153.7348	0	10.94	24428	0	0	5	5	0.02	-0.1995354	1	10	0.08	2800	148.1291	40.92394	-91.39368
302425	2748	-769	122	-42.36024	0.7170106	153.7348	0	10.94	24428	0	0	5	5	0.02	-0.1995354	1	10	0.08	2800	148.1291	40.92394	-91.39368
302513	2748	-769	122	-42.36024	0.7170106	153.7348	0	10.94	24428	0	0	5	5	0.02	-0.1995354	1	10	0.08	2800	148.1291	40.92394	-91.39368
302593	2748	-769	122	-42.36024	0.7170106	153.7348	0	10.94	24428	0	0	5	5	0.02	-0.1995354	1	10	0.08	2800	148.1291	40.92394	-91.39368
302682	2748	-769	122	-42.36024	0.7170106	153.7348	0	10.94	24428	0	0	5	5	0.02	-0.1995354	1	10	0.08	2800	148.1291	40.92394	-91.39368
302771	2748	-769	122	-42.36024	0.7170106	153.7348	0	10.94	24428	0	0	5	5	0.02	-0.1995354	1	10	0.08	2800	148.1291	40.92394	-91.39368
302859	2748	-769	122	-42.36024	0.7170106	153.7348	0	10.94	24428	0	0	5	5	0.02	-0.1995354	1	10	0.08	2800	148.1291	40.92394	-91.39368
302947	2748	-769	122	-42.36024	0.7170106	153.7348	0	10.94	24428	0	0	5	5	0.02	-0.1995354	1	10	0.08	2800	148.1291	40.92394	-91.39368
303038	2748	-769	122	-42.36024	0.7170106	153.7348	0	10.94	24428	0	0	5	5	0.02	-0.1995354	1	10	0.08	2800	148.1291	40.92394	-91.39368
303126	2748	-769	122	-42.36024	0.7170106	153.7348	0	10.94	24428	0	0	5	5	0.02	-0.1995354	1	10	0.08	2800	148.1291	40.92394	-91.39368
303218	2748	-769	122	-42.36024	0.7170106	153.7348	0	10.94	24428	0	0	5	5	0.02	-0.1995354	1	10	0.08	2800	148.1291	40.92394	-91.39368
303308	2748	-769	122	-42.36024	0.7170106	153.7348	0	10.94	24428	0	0	5	5	0.02	-0.1995354	1	10	0.08	2800	148.1291	40.92394	-91.39368
303399	2748	-769	122	-42.36024	0.7170106	153.7348	0	10.94	24428	0	0	5	5	0.02	-0.1995354	1	10	0.08	2800	148.1291	40.92394	-91.39368
303492	2748	-769	122	-42.36024	0.7170106	153.7348	0	10.94	24428	0	0	5	5	0.02	-0.1995354	1	10	0.08	2800	148.1291	40.92394	-91.39368
303577	2748	-769	122	-42.36024	0.7170106	153.7348	0	10.94	24428	0	0	5	5	0.02	-0.1995354	1	10	0.08	2800	148.1291	40.92394	-91.39368
303662	2748	-769	122	-42.36024	0.7170106	153.7348	0	10.94	24428	0	0	5	5	0.02	-0.1995354	1	10	0.08	2800	148.1291	40.92394	-91.39368
303751	2748	-769	122	-42.36024	0.7170106	153.7348	0	10.94	24428	0	0	5	5	0.02	-0.1995354	1	10	0.08	2800	148.1291	40.92394	-91.39368
303840	2748	-769	122	-42.36024	0.7170106	153.7348	0	10.94	24428	0	0	5	5	0.02	-0.1995354	1	10	0.08	2800	148.1291	40.92394	-91.39368
303910	2748	-769	122	-42.36024	0.7170106	153.7348	0	10.94	24428	0	0	5	5	0.02	-0.1995354	1	10	0.08	2800	148.1291	40.92394	-91.39368
303985	2748	-769	122	-42.36024	0.7170106	153.7348	0	10.94	24428	0	0	5	5	0.02	-0.1995354	1	10	0.08	2800	148.1291	40.92394	-91.39368
304071	2748	-769	122	-42.36024	0.7170106	153.7348	0	10.94	24428	0	0	5	5	0.02	-0.1995354	1	10	0.08	2800	148.1291	40.92394	-91.39368
304161	2748	-769	122	-42.36024	0.7170106	153.7348	0	10.94	24428	0	0	5	5	0.02	-0.1995354	1	10	0.08	2800	148.1291	40.92394	-91.39368
304250	2748	-769	122	-42.36024	0.7170106	153.7348	0	10.94	24428	0	0	5	5	0.02	-0.1995354	1	10	0.08	2800	148.1291	40.92394	-91.39368
304339	2748	-769	122	-42.36024	0.7170106	153.7348	0	10.94	24428	0	0	5	5	0.02	-0.1995354	1	10	0.08	2800	148.1291	40.92394	-91.39368
304428	2748	-769	122	-42.36024	0.7170106	153.7348	0	10.94	24428	0	0	5	5	0.02	-0.1995354	1	10	0.08	2800	148.1291	40.92394	-91.39368
304517	2748	-769	122	-42.36024	0.7170106	153.7348	0	10.94	24428	0	0	5	5	0.02	-0.1995354	1	10	0.08	2800	148.1291	40.92394	-91.39368
304604	2748	-769	122	-42.36024	0.7170106	153.7348	0	10.94	24428	0	0	5	5	0.02	-0.1995354	1	10	0.08	2800	148.1291	40.92394	-91.39368
304692	2748	-769	122	-42.36024	0.7170106	153.7348	0	10.94	24428	0	0	5	5	0.02	-0.1995354	1	10	0.08	2800	148.1291	40.92394	-91.39368
304780	2748	-769	122	-42.36024	0.7170106	153.7348	0	10.94	24428	0	0	5	5	0.02	-0.1995354	1	10	0.08	2800	148.1291	40.92394	-91.39368
304868	2748	-769	122	-42.36024	0.7170106	153.7348	0	10.94	24428	0	0	5	5	0.02	-0.1995354	1	10	0.08	2800	148.1291	40.92394	-91.39368
304956	2748	-769	122	-42.36024	0.7170106	153.7348	0	10.94	24428	0	0	5	5	0.02	-0.1995354	1	10	0.08	2800	148.1291	40.92394	-91.39368
305044	2748	-769	122	-42.36024	0.7170106	153.7348	0	10.94	24428	0	0	5	5	0.02	-0.1995354	1	10	0.08	2800	148.1291	40.92394	-91.39368
305132	2748	-769	122	-42.36024	0.7170106	153.7348	0	10.94	24428	0	0	5	5	0.02	-0.1995354	1	10	0.08	2800	148.1291	40.92394	-91.39368
305210	2748	-769	122	-42.36024	0.7170106	153.7348	0	10.94	24428	0	0	5	5	0.02	-0.1995354	1	10	0.08	2800	148.1291	40.92394	-91.39368
305298	2748	-769	122	-42.36024	0.7170106	153.7348	0	10.94	24428	0	0	5	5	0.02	-0.1995354	1	10	0.08	2800	148.1291	40.92394	-91.39368
305385	2748	-769	122	-42.36024	0.7170106	153.7348	0	10.94	24428	0	0	5	5	0.02	-0.1995354	1	10	0.08	2800	148.1291	40.92394	-91.39368
305472	2748	-769	122	-42.36024	0.7170106	153.7348	0	10.94	24428	0	0	5	5	0.02	-0.1995354	1	10	0.08	2800	148.1291	40.92394	-91.39368
305568	2748	-769	122	-42.36024	0.7170106	153.7348	0	10.94	24428	0	0	5	5	0.02	-0.1995354	1	10	0.08	2800	148.1291	40.92394	-91.39368
305655	2748	-769	122	-42.36024	0.7170106	153.7348	0	10.94	24428	0	0	5	5	0.02	-0.1995354	1	10	0.08	2800	148.1291	40.92394	-91.39368
305740	2748	-769	122	-42.36024	0.7170106	153.7348	0	10.94	24428	0	0	5	5	0.02	-0.1995354	1	10	0.08	2800	148.1291	40.92394	-91.39368
305825	2748	-769	122	-42.36024	0.7170106	153.7348	0	10.94	24428	0	0	5	5	0.02	-0.1995354	1	10	0.08	2800	148.1291	40.92394	-91.39368
305910	2748	-769	122	-42.36024	0.7170106	153.7348	0	10.94	24428	0	0	5	5	0.02	-0.1995354	1	10	0.08	2800	148.1291	40.92394	-91.39368
305996	2748	-769	122	-42.36024	0.7170106	153.7348	0	10.94	24428	0	0	5	5	0.02	-0.1995354	1	10	0.08	2800	148.1291	40.92394	-91.39368
306082	2748	-769	122	-42.36024	0.7170106	153.7348	0	10.94	24428	0	0	5	5	0.02	-0.1995354	1	10	0.08	2800	148.1291	40.92394	-91.39368
306170	2748	-769	122	-42.36024	0.7170106	153.7348	0	10.94	24428	0	0	5	5	0.02	-0.1995354	1	10	0.08	2800	148.1291	40.92394	-91.39368
306262	2748	-769	122	-42.36024	0.7170106	153.7348	0	10.94	24428	0	0	5	5	0.02	-0.1995354	1	10	0.08	2800	148.1291	40.92394	-91.39368
306354	2748	-769	122	-42.36024	0.7170106	153.7348	0	10.94	24428	0	0	5	5	0.02	-0.1995354	1	10	0.08	2800	148.1291	40.92394	-91.39368
306437	2748	-769	122	-42.36024	0.7170106	153.7348	0	10.94	24428	0	0	5	5	0.02	-0.1995354	1	10	0.08	2800	148.1291	40.92394	-91.39368
306529	2748	-769	122	-42.36024	0.7170106	153.7348	0	10.94	24428	0	0	5	5	0.02	-0.1995354	1	10	0.08	2800	148.1291	40.92394	-91.39368
306621	2748	-769	122	-42.36024	0.7170106	153.7348	0	10.94	24428	0	0	5	5	0.02	-0.1995354	1	10	0.08	2800	148.1291	40.92394	-91.39368
306711	2748	-769	122	-42.36024	0.7170106	153.7348	0	10.94	24428	0	0	5	5	0.02	-0.1995354	1	10	0.08	2800	148.1291	40.92394	-91.39368
306802	2748	-769	122	-42.36024	0.7170106	153.7348	0	10.94	24428	0	0	5	5	0.02	-0.1995354	1	10	0.08	2800	148.1291	40.92394	-91.39368
306894	2748	-769	122	-42.36024	0.7170106	153.7348	0	10.94	24428	0	0	5	5	0.02	-0.1995354	1	10	0.08	2800	148.1291	40.92394	-91.39368
306982	2748	-769	122	-42.36024	0.7170106	153.7348	0	10.94	24428	0	0	5	5	0.02	-0.1995354	1	10	0.08	2800	148.1291	40.92394	-91.39368
307070	2748	-769	122	-42.36024	0.7170106	153.7348	0	10.94	24428	0	0	5	5	0.02	-0.1995354	1	10	0.08	2800	148.1291	40.92394	-91.39368
307157	2748	-769	122	-42.36024	0.7170106	153.7348	0	10.94	24428	0	0	5	5	0.02	-0.1995354	1	10	0.08	2800	148.1291	40.92394	-91.39368
307246	2748	-769	122	-42.36024	0.7170106	153.7348	0	10.94	24428	0	0	5	5	0.02	-0.1995354	1	10	0.08	2800	148.1291	40.92394	-91.39368
307336	2748	-769	122	-42.36024	0.7170106	153.7348	0	10.94	24428	0	0	5	5	0.02	-0.1995354	1	10	0.08	2800	148.1291	40.92394	-91.39368
307423	2748	-769	122	-42.36024	0.7170106	153.7348	0	10.94	24428	0	0	5	5	0.02	-0.1995354	1	10	0.08	2800	148.1291	40.92394	-91.39368
307510	2748	-769	122	-42.36024	0.7170106	153.7348	0	10.94	24428	0	0	5	5	0.02	-0.1995354	1	10	0.08	2800	148.1291	40.92394	-91.39368
307598	2748	-769	122	-42.36024	0.7170106	153.7348	0	10.94	24428	0	0	5	5	0.02	-0.1995354	1	10	0.08	2800	148.1291	40.92394	-91.39368
307687	2748	-769	122	-42.36024	0.7170106	153.7348	0	10.94	24428	0	0	5	5	0.02	-0.1995354	1	10	0.08	2800	148.1291	40.92394	-91.39368
307768	2748	-769	122	-42.36024	0.7170106	153.7348	0	10.94	24428	0	0	5	5	0.02	-0.1995354	1	10	0.08	2800	148.1291	40.92394	-91.39368
307859	2748	-769	122	-42.36024	0.7170106	153.7348	0	10.94	24428	0	0	5	5	0.02	-0.1995354	1	10	0.08	2800	148.1291	40.92394	-91.39368
307950	2748	-769	122	-42.36024	0.7170106	153.7348	0	10.94	24428	0	0	5	5	0.02	-0.1995354	1	10	0.08	2800	148.1291	40.92394	-91.39368
308042	2748	-769	122	-42.36024	0.7170106	153.7348	0	10.94	24428	0	0	5	5	0.02	-0.1995354	1	10	0.08	2800	148.1291	40.92394	-91.39368
308132	2748	-769	122	-42.36024	0.7170106	153.7348	0	10.94	24428	0	0	5	5	0.02	-0.1995354	1	10	0.08	2800	148.1291	40.92394	-91.39368
308220	2748	-769	122	-42.36024	0.7170106	153.7348	0	10.94	24428	0	0	5	5	0.02	-0.1995354	1	10	0.08	2800	148.1291	40.92394	-91.39368
308308	2748	-769	122	-42.36024	0.7170106	153.7348	0	10.94	24428	0	0	5	5	0.02	-0.1995354	1	10	0.08	2800	148.1291	40.92394	-91.39368
308395	2748	-769	122	-42.36024	0.7170106	153.7348	0	10.94	24428	0	0	5	5	0.02	-0.1995354	1	10	0.08	2800	148.1291	40.92394	-91.39368
308479	2748	-769	122	-42.36024	0.7170106	153.7348	0	10.94	24428	0	0	5	5	0.02	-0.1995354	1	10	0.08	2800	148.1291	40.92394	-91.39368
308563	2748	-769	122	-42.36024	0.7170106	153.7348	0	10.94	24428	0	0	5	5	0.02	-0.1995354	1	10	0.08	2800	148.1291	40.92394	-91.39368
308647	2748	-769	122	-42.36024	0.7170106	153.7348	0	10.94	24428	0	0	5	5	0.02	-0.1995354	1	10	0.08	2800	148.1291	40.92394	-91.39368
308730	2748	-769	122	-42.36024	0.7170106	153.7348	0	10.94	24428	0	0	5	5	0.02	-0.1995354	1	10	0.08	2800	148.1291	40.92394	-91.39368
308807	2748	-769	122	-42.36024	0.7170106	153.7348	0	10.94	24428	0	0	5	5	0.02	-0.1995354	1	10	0.08	2800	148.1291	40.92394	-91.39368
308889	2748	-769	122	-42.36024	0.7170106	153.7348	0	10.94	24428	0	0	5	5	0.02	-0.1995354	1	10	0.08	2800	148.1291	40.92394	-91.39368
308968	2748	-769	122	-42.36024	0.7170106	153.7348	0	10.94	24428	0	0	5	5	0.02	-0.1995354	1	10	0.08	2800	148.1291	40.92394	-91.39368
309057	2748	-769	122	-42.36024	0.7170106	153.7348	0	10.94	24428	0	0	5	5	0.02	-0.1995354	1	10	0.08	2800	148.1291	40.92394	-91.39368
309143	2748	-769	122	-42.36024	0.7170106	153.7348	0	10.94	24428	0	0	5	5	0.02	-0.1995354	1	10	0.08	2800	148.1291	40.92394	-91.39368
309228	2748	-769	122	-42.36024	0.7170106	153.7348	0	10.94	24428	0	0	5	5	0.02	-0.1995354	1	10	0.08	2800	148.1291	40.92394	-91.39368
309313	2748	-769	122	-42.36024	0.7170106	153.7348	0	10.94	24428	0	0	5	5	0.02	-0.1995354	1	10	0.08	2800	148.1291	40.92394	-91.39368
309400	2748	-769	122	-42.36024	0.7170106	153.7348	0	10.94	24428	0	0	5	5	0.02	-0.1995354	1	10	0.08	2800	148.1291	40.92394	-91.39368
309489	2748	-769	122	-42.36024	0.7170106	153.7348	0	10.94	24428	0	0	5	5	0.02	-0.1995354	1	10	0.08	2800	148.1291	40.92394	-91.39368
309575	2748	-769	122	-42.36024	0.7170106	153.7348	0	10.94	24428	0	0	5	5	0.02	-0.1995354	1	10	0.08	2800	148.1291	40.92394	-91.39368
309664	2748	-769	122	-42.36024	0.7170106	153.7348	0	10.94	24428	0	0	5	5	0.02	-0.1995354	1	10	0.08	2800	148.1291	40.92394	-91.39368
309752	2748	-769	122	-42.36024	0.7170106	153.7348	0	10.94	24428	0	0	5	5	0.02	-0.1995354	1	10	0.08	2800	148.1291	40.92394	-91.39368
309840	2748	-769	122	-42.36024	0.7170106	153.7348	0	10.94	24428	0	0	5	5	0.02	-0.1995354	1	10	0.08	2800	148.1291	40.92394	-91.39368
309928	2748	-769	122	-42.36024	0.7170106	153.7348	0	10.94	24428	0	0	5	5	0.02	-0.1995354	1	10	0.08	2800	148.1291	40.92394	-91.39368
310017	2748	-769	122	-42.36024	0.7170106	153.7348	0	10.94	24428	0	0	5	5	0.02	-0.1995354	1	10	0.08	2800	148.1291	40.92394	-91.39368
310104	2748	-769	122	-42.36024	0.7170106	153.7348	0	10.94	24428	0	0	5	5	0.02	-0.1995354	1	10	0.08	2800	148.1291	40.92394	-91.39368
310188	2748	-769	122	-42.36024	0.7170106	153.7348	0	10.94	24428	0	0	5	5	0.02	-0.1995354	1	10	0.08	2800	148.1291	40.92394	-91.39368
310269	2748	-769	122	-42.36024	0.7170106	153.7348	0	10.94	24428	0	0	5	5	0.02	-0.1995354	1	10	0.08	2800	148.1291	40.92394	-91.39368
310356	2748	-769	122	-42.36024	0.7170106	153.7348	0	10.94	24428	0	0	5	5	0.02	-0.1995354	1	10	0.08	2800	148.1291	40.92394	-91.39368
310445	2748	-769	122	-42.36024	0.7170106	153.7348	0	10.94	24428	0	0	5	5	0.02	-0.1995354	1	10	0.08	2800	148.1291	40.92394	-91.39368
310532	2748	-769	122	-42.36024	0.7170106	153.7348	0	10.94	24428	0	0	5	5	0.02	-0.1995354	1	10	0.08	2800	148.1291	40.92394	-91.39368
310619	2748	-769	122	-42.36024	0.7170106	153.7348	0	10.94	24428	0	0	5	5	0.02	-0.1995354	1	10	0.08	2800	148.1291	40.92394	-91.39368
310707	2748	-769	122	-42.36024	0.7170106	153.7348	0	10.94	24428	0	0	5	5	0.02	-0.1995354	1	10	0.08	2800	148.1291	40.92394	-91.39368
310795	2748	-769	122	-42.36024	0.7170106	153.7348	0	10.94	24428	0	0	5	5	0.02	-0.1995354	1	10	0.08	2800	148.1291	40.92394	-91.39368
310883	2748	-769	122	-42.36024	0.7170106	153.7348	0	10.94	24428	0	0	5	5	0.02	-0.1995354	1	10	0.08	2800	148.1291	40.92394	-91.39368
